Ranking for query: s2556413_test01.pkl
Document: Similarity
s2556413_test26.pkl: 0.9371466338634491
s2556413_test30.pkl: 0.9322929978370667
s2556413_test21.pkl: 0.83939990401268
s2556413_test11.pkl: 0.8325586318969727
s2556413_test24.pkl: 0.8254010379314423
s2556413_test06.pkl: 0.8061302602291107
s2556413_test20.pkl: 0.8036495745182037
s2556413_test03.pkl: 0.7955328822135925
s2556413_test13.pkl: 0.7787469327449799
s2556413_test09.pkl: 0.7727285027503967
Ranking for query: s2556413_test02.pkl
Document: Similarity
s2556413_test03.pkl: 0.9618958830833435
s2556413_test06.pkl: 0.9617677330970764
s2556413_test26.pkl: 0.7648439407348633
s2556413_test30.pkl: 0.7640097439289093
s2556413_test.pkl: 0.7601296007633209
s2556413_test21.pkl: 0.7588990032672882
s2556413_test24.pkl: 0.7580540478229523
s2556413_test08.pkl: 0.7540979087352753
s2556413_test11.pkl: 0.7508821487426758
s2556413_test27.pkl: 0.7474276721477509
Ranking for query: s2556413_test04.pkl
Document: Similarity
s2556413_test18.pkl: 0.931506077448527
s2556413_test22.pkl: 0.9177853862444559
s2556413_test10.pkl: 0.780891497929891
s2556413_test.pkl: 0.7801383932431539
s2556413_test29.pkl: 0.7737099528312683
s2556413_test27.pkl: 0.7722829182942709
s2556413_test19.pkl: 0.7667325933774313
s2556413_test14.pkl: 0.7648032704989115
s2556413_test21.pkl: 0.7587147355079651
s2556413_test08.pkl: 0.7541103959083557
Ranking for query: s2556413_test05.pkl
Document: Similarity
s2556413_test12.pkl: 0.8894681930541992
s2556413_test15.pkl: 0.8839631974697113
s2556413_test16.pkl: 0.818756103515625
s2556413_test21.pkl: 0.8060730397701263
s2556413_test23.pkl: 0.80388543009758
s2556413_test24.pkl: 0.8029549717903137
s2556413_test07.pkl: 0.8008692562580109
s2556413_test28.pkl: 0.7904854714870453
s2556413_test11.pkl: 0.7839537262916565
s2556413_test08.pkl: 0.7717197835445404
