Ranking for query: s2556413_test01.pkl
Document: Similarity
s2556413_test26.pkl: 0.9015618562698364
s2556413_test30.pkl: 0.9000977873802185
s2556413_test06.pkl: 0.8136066198348999
s2556413_test03.pkl: 0.809730052947998
s2556413_test21.pkl: 0.8024199604988098
s2556413_test24.pkl: 0.7915256023406982
s2556413_test11.pkl: 0.7855175137519836
s2556413_test20.pkl: 0.7796668410301208
s2556413_test13.pkl: 0.760501503944397
s2556413_test27.pkl: 0.747326135635376
Ranking for query: s2556413_test02.pkl
Document: Similarity
s2556413_test03.pkl: 0.9397588968276978
s2556413_test06.pkl: 0.9324296712875366
s2556413_test26.pkl: 0.819404661655426
s2556413_test30.pkl: 0.8173292875289917
s2556413_test08.pkl: 0.8140691518783569
s2556413_test27.pkl: 0.805759847164154
s2556413_test29.pkl: 0.7876525521278381
s2556413_test11.pkl: 0.7354533076286316
s2556413_test24.pkl: 0.7285722494125366
s2556413_test21.pkl: 0.7256153225898743
Ranking for query: s2556413_test04.pkl
Document: Similarity
s2556413_test22.pkl: 0.9345301389694214
s2556413_test18.pkl: 0.9344819188117981
s2556413_test10.pkl: 0.8229969143867493
s2556413_test14.pkl: 0.8152557611465454
s2556413_test13.pkl: 0.8113248944282532
s2556413_test19.pkl: 0.8019863963127136
s2556413_test20.pkl: 0.8005221486091614
s2556413_test17.pkl: 0.7813907861709595
s2556413_test29.pkl: 0.77508944272995
s2556413_test23.pkl: 0.77057945728302
Ranking for query: s2556413_test05.pkl
Document: Similarity
s2556413_test12.pkl: 0.9013471007347107
s2556413_test16.pkl: 0.8498177528381348
s2556413_test15.pkl: 0.8255171775817871
s2556413_test23.pkl: 0.8237240314483643
s2556413_test25.pkl: 0.8147103190422058
s2556413_test07.pkl: 0.808705747127533
s2556413_test28.pkl: 0.8037699460983276
s2556413_test21.pkl: 0.7957143783569336
s2556413_test17.pkl: 0.7933871746063232
s2556413_test11.pkl: 0.7601829767227173
