Ranking for query: s2556413_test01.pkl
Document: Similarity
s2556413_test26.pkl: 0.9175949096679688
s2556413_test30.pkl: 0.8611924648284912
s2556413_test06.pkl: 0.7851431369781494
s2556413_test21.pkl: 0.7821652889251709
s2556413_test14.pkl: 0.7810759544372559
s2556413_test11.pkl: 0.7806212306022644
s2556413_test24.pkl: 0.7719188928604126
s2556413_test07.pkl: 0.7644322514533997
s2556413_test03.pkl: 0.7556143403053284
s2556413_test17.pkl: 0.7477338910102844
Ranking for query: s2556413_test02.pkl
Document: Similarity
s2556413_test03.pkl: 0.9423407912254333
s2556413_test06.pkl: 0.8710579872131348
s2556413_test26.pkl: 0.832665205001831
s2556413_test11.pkl: 0.8112777471542358
s2556413_test24.pkl: 0.805865466594696
s2556413_test21.pkl: 0.8013168573379517
s2556413_test30.pkl: 0.7889859676361084
s2556413_test08.pkl: 0.7768616676330566
s2556413_test.pkl: 0.773826539516449
s2556413_test29.pkl: 0.7672055959701538
Ranking for query: s2556413_test04.pkl
Document: Similarity
s2556413_test22.pkl: 0.9257153272628784
s2556413_test18.pkl: 0.9193530082702637
s2556413_test14.pkl: 0.8650505542755127
s2556413_test21.pkl: 0.8534168004989624
s2556413_test09.pkl: 0.8413282036781311
s2556413_test28.pkl: 0.8411358594894409
s2556413_test19.pkl: 0.8381950855255127
s2556413_test16.pkl: 0.8372775912284851
s2556413_test11.pkl: 0.8272448778152466
s2556413_test13.pkl: 0.8128159046173096
Ranking for query: s2556413_test05.pkl
Document: Similarity
s2556413_test15.pkl: 0.8739547729492188
s2556413_test12.pkl: 0.8509772419929504
s2556413_test21.pkl: 0.8320768475532532
s2556413_test17.pkl: 0.81056147813797
s2556413_test16.pkl: 0.8044498562812805
s2556413_test25.pkl: 0.7782379388809204
s2556413_test20.pkl: 0.7675007581710815
s2556413_test23.pkl: 0.7601391673088074
s2556413_test.pkl: 0.7539024949073792
s2556413_test11.pkl: 0.7488301992416382
