Ranking for query: s2556413_test01.pkl
Document: Similarity
s2556413_test26.pkl: 0.9381624460220337
s2556413_test30.pkl: 0.9210218787193298
s2556413_test11.pkl: 0.8676566481590271
s2556413_test21.pkl: 0.8585074543952942
s2556413_test03.pkl: 0.8416205644607544
s2556413_test06.pkl: 0.8385985493659973
s2556413_test20.pkl: 0.833596408367157
s2556413_test18.pkl: 0.811011552810669
s2556413_test22.pkl: 0.8080008625984192
s2556413_test24.pkl: 0.8073008060455322
Ranking for query: s2556413_test02.pkl
Document: Similarity
s2556413_test03.pkl: 0.9642521739006042
s2556413_test06.pkl: 0.9549393653869629
s2556413_test27.pkl: 0.8866356611251831
s2556413_test08.pkl: 0.8554501533508301
s2556413_test26.pkl: 0.8511360287666321
s2556413_test30.pkl: 0.833347499370575
s2556413_test29.pkl: 0.8307130336761475
s2556413_test11.pkl: 0.8305249214172363
s2556413_test18.pkl: 0.7968443036079407
s2556413_test21.pkl: 0.7950835227966309
Ranking for query: s2556413_test04.pkl
Document: Similarity
s2556413_test18.pkl: 0.9672093987464905
s2556413_test22.pkl: 0.9648556709289551
s2556413_test21.pkl: 0.8661712408065796
s2556413_test27.pkl: 0.8494440913200378
s2556413_test10.pkl: 0.840137779712677
s2556413_test11.pkl: 0.8387534618377686
s2556413_test14.pkl: 0.8362812399864197
s2556413_test17.pkl: 0.8360862135887146
s2556413_test08.pkl: 0.8281959295272827
s2556413_test19.pkl: 0.8256070613861084
Ranking for query: s2556413_test05.pkl
Document: Similarity
s2556413_test15.pkl: 0.9042845368385315
s2556413_test12.pkl: 0.8973324298858643
s2556413_test16.pkl: 0.8466180562973022
s2556413_test28.pkl: 0.8393169641494751
s2556413_test07.pkl: 0.8365601301193237
s2556413_test17.pkl: 0.8343536257743835
s2556413_test21.pkl: 0.8335210084915161
s2556413_test24.pkl: 0.8330855369567871
s2556413_test23.pkl: 0.8300274610519409
s2556413_test25.pkl: 0.8174507021903992
