Ranking for query: s2556413_test01.pkl
Document: Similarity
s2556413_test26.pkl: 0.9500112533569336
s2556413_test30.pkl: 0.9371963143348694
s2556413_test21.pkl: 0.8815803527832031
s2556413_test24.pkl: 0.8597010374069214
s2556413_test11.pkl: 0.8556951284408569
s2556413_test06.pkl: 0.8512693047523499
s2556413_test03.pkl: 0.850257158279419
s2556413_test20.pkl: 0.8492671847343445
s2556413_test13.pkl: 0.8107368350028992
s2556413_test18.pkl: 0.8105813264846802
Ranking for query: s2556413_test02.pkl
Document: Similarity
s2556413_test03.pkl: 0.9676259756088257
s2556413_test06.pkl: 0.966486930847168
s2556413_test27.pkl: 0.8846826553344727
s2556413_test08.pkl: 0.8631053566932678
s2556413_test26.pkl: 0.842893123626709
s2556413_test29.pkl: 0.8426087498664856
s2556413_test30.pkl: 0.839145839214325
s2556413_test11.pkl: 0.8307433128356934
s2556413_test24.pkl: 0.8192797303199768
s2556413_test18.pkl: 0.8038854002952576
Ranking for query: s2556413_test04.pkl
Document: Similarity
s2556413_test18.pkl: 0.9741275906562805
s2556413_test22.pkl: 0.9680773615837097
s2556413_test21.pkl: 0.8860241174697876
s2556413_test24.pkl: 0.8660940527915955
s2556413_test10.pkl: 0.8610812425613403
s2556413_test14.pkl: 0.8574930429458618
s2556413_test11.pkl: 0.85691237449646
s2556413_test17.pkl: 0.8533420562744141
s2556413_test19.pkl: 0.8526390194892883
s2556413_test06.pkl: 0.8467516303062439
Ranking for query: s2556413_test05.pkl
Document: Similarity
s2556413_test12.pkl: 0.9215937256813049
s2556413_test15.pkl: 0.9170440435409546
s2556413_test07.pkl: 0.8738006949424744
s2556413_test16.pkl: 0.8588989973068237
s2556413_test23.pkl: 0.8569958209991455
s2556413_test17.pkl: 0.8548335433006287
s2556413_test21.pkl: 0.8444290161132812
s2556413_test24.pkl: 0.8379297852516174
s2556413_test28.pkl: 0.8295580148696899
s2556413_test11.pkl: 0.8257580995559692
