Ranking for query: s2556413_test01.pkl
Document: Similarity
s2556413_test26.pkl: 0.9175950288772583
s2556413_test30.pkl: 0.8659422993659973
s2556413_test11.pkl: 0.7856881618499756
s2556413_test06.pkl: 0.7851431369781494
s2556413_test21.pkl: 0.7821652889251709
s2556413_test14.pkl: 0.7810759544372559
s2556413_test24.pkl: 0.7719188928604126
s2556413_test07.pkl: 0.7644321918487549
s2556413_test03.pkl: 0.7556143999099731
s2556413_test17.pkl: 0.7477338314056396
Ranking for query: s2556413_test02.pkl
Document: Similarity
s2556413_test03.pkl: 0.9423408508300781
s2556413_test06.pkl: 0.8855361938476562
s2556413_test26.pkl: 0.8326653242111206
s2556413_test11.pkl: 0.8077068328857422
s2556413_test24.pkl: 0.805865466594696
s2556413_test21.pkl: 0.8013168573379517
s2556413_test08.pkl: 0.7994369268417358
s2556413_test30.pkl: 0.7889859676361084
s2556413_test29.pkl: 0.7778330445289612
s2556413_test27.pkl: 0.7539903521537781
Ranking for query: s2556413_test04.pkl
Document: Similarity
s2556413_test22.pkl: 0.9257153272628784
s2556413_test18.pkl: 0.9193530082702637
s2556413_test14.pkl: 0.8650505542755127
s2556413_test21.pkl: 0.8534168004989624
s2556413_test09.pkl: 0.8468246459960938
s2556413_test28.pkl: 0.8411357402801514
s2556413_test19.pkl: 0.8381950855255127
s2556413_test13.pkl: 0.8381627202033997
s2556413_test16.pkl: 0.8372775912284851
s2556413_test27.pkl: 0.8328509330749512
Ranking for query: s2556413_test05.pkl
Document: Similarity
s2556413_test15.pkl: 0.8756616711616516
s2556413_test12.pkl: 0.8509772419929504
s2556413_test21.pkl: 0.832076907157898
s2556413_test17.pkl: 0.81056147813797
s2556413_test16.pkl: 0.8044499158859253
s2556413_test25.pkl: 0.7782379388809204
s2556413_test23.pkl: 0.7601390480995178
s2556413_test10.pkl: 0.7474688291549683
s2556413_test11.pkl: 0.745733380317688
s2556413_test30.pkl: 0.745596170425415
