Ranking for query: s2556413_test01.pkl
Document: Similarity
s2556413_test30.pkl: 0.8636515140533447
s2556413_test26.pkl: 0.8588465452194214
s2556413_test11.pkl: 0.8250349760055542
s2556413_test21.pkl: 0.8170142769813538
s2556413_test24.pkl: 0.8063507676124573
s2556413_test25.pkl: 0.7585503458976746
s2556413_test14.pkl: 0.7576614618301392
s2556413_test16.pkl: 0.742954671382904
s2556413_test06.pkl: 0.7422413229942322
s2556413_test.pkl: 0.7391148805618286
Ranking for query: s2556413_test02.pkl
Document: Similarity
s2556413_test06.pkl: 0.8662404417991638
s2556413_test03.pkl: 0.856696605682373
s2556413_test08.pkl: 0.7546858787536621
s2556413_test27.pkl: 0.7525622844696045
s2556413_test30.pkl: 0.7469545006752014
s2556413_test.pkl: 0.7387244701385498
s2556413_test29.pkl: 0.7366740703582764
s2556413_test21.pkl: 0.7361594438552856
s2556413_test24.pkl: 0.7358928918838501
s2556413_test14.pkl: 0.7292752265930176
Ranking for query: s2556413_test04.pkl
Document: Similarity
s2556413_test18.pkl: 0.8465355038642883
s2556413_test22.pkl: 0.8460830450057983
s2556413_test14.pkl: 0.7529930472373962
s2556413_test10.pkl: 0.7504217028617859
s2556413_test07.pkl: 0.7476671934127808
s2556413_test.pkl: 0.7439109086990356
s2556413_test17.pkl: 0.7375258803367615
s2556413_test19.pkl: 0.7361661195755005
s2556413_test29.pkl: 0.7297741174697876
s2556413_test27.pkl: 0.7230211496353149
Ranking for query: s2556413_test05.pkl
Document: Similarity
s2556413_test12.pkl: 0.8881390690803528
s2556413_test15.pkl: 0.8387413024902344
s2556413_test07.pkl: 0.7874111533164978
s2556413_test17.pkl: 0.7867984175682068
s2556413_test23.pkl: 0.7843858003616333
s2556413_test16.pkl: 0.7774032354354858
s2556413_test28.pkl: 0.763770580291748
s2556413_test24.pkl: 0.74647057056427
s2556413_test25.pkl: 0.7277531623840332
s2556413_test30.pkl: 0.7229318022727966
