Ranking for query: s2556413_test01.pkl
Document: Similarity
s2556413_test26.pkl: 0.8621134757995605
s2556413_test06.pkl: 0.8070818185806274
s2556413_test11.pkl: 0.8016555309295654
s2556413_test30.pkl: 0.7910285592079163
s2556413_test27.pkl: 0.7825504541397095
s2556413_test03.pkl: 0.7552732229232788
s2556413_test18.pkl: 0.7478438019752502
s2556413_test07.pkl: 0.745447039604187
s2556413_test08.pkl: 0.7381519675254822
s2556413_test14.pkl: 0.7379917502403259
Ranking for query: s2556413_test02.pkl
Document: Similarity
s2556413_test03.pkl: 0.8085501194000244
s2556413_test26.pkl: 0.7888326644897461
s2556413_test06.pkl: 0.7856665849685669
s2556413_test29.pkl: 0.7724021077156067
s2556413_test30.pkl: 0.7573781609535217
s2556413_test08.pkl: 0.7570611238479614
s2556413_test27.pkl: 0.7406071424484253
s2556413_test11.pkl: 0.7109654545783997
s2556413_test24.pkl: 0.7077624797821045
s2556413_test25.pkl: 0.6786898374557495
Ranking for query: s2556413_test04.pkl
Document: Similarity
s2556413_test22.pkl: 0.8117147088050842
s2556413_test18.pkl: 0.7781811952590942
s2556413_test14.pkl: 0.7622002363204956
s2556413_test11.pkl: 0.7553471326828003
s2556413_test16.pkl: 0.7532002925872803
s2556413_test10.pkl: 0.7493708729743958
s2556413_test23.pkl: 0.7491328120231628
s2556413_test28.pkl: 0.7421199083328247
s2556413_test19.pkl: 0.7380533218383789
s2556413_test13.pkl: 0.7359296083450317
Ranking for query: s2556413_test05.pkl
Document: Similarity
s2556413_test15.pkl: 0.8336539268493652
s2556413_test12.pkl: 0.8045474886894226
s2556413_test23.pkl: 0.7404104471206665
s2556413_test20.pkl: 0.7226309180259705
s2556413_test16.pkl: 0.7197375297546387
s2556413_test14.pkl: 0.7196988463401794
s2556413_test24.pkl: 0.719460666179657
s2556413_test21.pkl: 0.7194581627845764
s2556413_test10.pkl: 0.718543291091919
s2556413_test07.pkl: 0.7181903719902039
