Ranking for query: s2556413_test01.pkl
Document: Similarity
s2556413_test26.pkl: 0.9021376967430115
s2556413_test30.pkl: 0.8655321598052979
s2556413_test06.pkl: 0.8019251823425293
s2556413_test21.pkl: 0.8006318807601929
s2556413_test11.pkl: 0.7914894819259644
s2556413_test03.pkl: 0.7770436406135559
s2556413_test24.pkl: 0.7762246131896973
s2556413_test20.pkl: 0.7720904350280762
s2556413_test27.pkl: 0.7333856225013733
s2556413_test13.pkl: 0.7317618727684021
Ranking for query: s2556413_test02.pkl
Document: Similarity
s2556413_test03.pkl: 0.9307723045349121
s2556413_test06.pkl: 0.9239262342453003
s2556413_test26.pkl: 0.8146443963050842
s2556413_test30.pkl: 0.7996699810028076
s2556413_test27.pkl: 0.7986531257629395
s2556413_test08.pkl: 0.7969491481781006
s2556413_test29.pkl: 0.7705576419830322
s2556413_test11.pkl: 0.7357599139213562
s2556413_test24.pkl: 0.7287604808807373
s2556413_test21.pkl: 0.7251779437065125
Ranking for query: s2556413_test04.pkl
Document: Similarity
s2556413_test18.pkl: 0.9297653436660767
s2556413_test22.pkl: 0.9294196963310242
s2556413_test13.pkl: 0.8299084901809692
s2556413_test20.pkl: 0.818365216255188
s2556413_test10.pkl: 0.7969119548797607
s2556413_test14.pkl: 0.7908124327659607
s2556413_test09.pkl: 0.7877386808395386
s2556413_test21.pkl: 0.7856040000915527
s2556413_test19.pkl: 0.7854480743408203
s2556413_test11.pkl: 0.7774945497512817
Ranking for query: s2556413_test05.pkl
Document: Similarity
s2556413_test12.pkl: 0.8933253288269043
s2556413_test16.pkl: 0.8459899425506592
s2556413_test15.pkl: 0.8396820425987244
s2556413_test23.pkl: 0.8377086520195007
s2556413_test21.pkl: 0.8148506879806519
s2556413_test25.pkl: 0.8061752319335938
s2556413_test17.pkl: 0.8059449195861816
s2556413_test07.pkl: 0.8018034100532532
s2556413_test28.pkl: 0.7993798851966858
s2556413_test11.pkl: 0.7802834510803223
