Ranking for query: s2556413_test01.pkl
Document: Similarity
s2556413_test26.pkl: 0.9495202302932739
s2556413_test30.pkl: 0.942690908908844
s2556413_test21.pkl: 0.8952255249023438
s2556413_test11.pkl: 0.8758407235145569
s2556413_test24.pkl: 0.8697649836540222
s2556413_test20.pkl: 0.856454610824585
s2556413_test03.pkl: 0.8545218706130981
s2556413_test06.pkl: 0.854475200176239
s2556413_test13.pkl: 0.838203489780426
s2556413_test09.pkl: 0.8131474256515503
Ranking for query: s2556413_test02.pkl
Document: Similarity
s2556413_test03.pkl: 0.9711048603057861
s2556413_test06.pkl: 0.9660720825195312
s2556413_test08.pkl: 0.8706081509590149
s2556413_test27.pkl: 0.8693772554397583
s2556413_test30.pkl: 0.8580390810966492
s2556413_test26.pkl: 0.8573105931282043
s2556413_test29.pkl: 0.8544652462005615
s2556413_test24.pkl: 0.8356404900550842
s2556413_test21.pkl: 0.8275339007377625
s2556413_test11.pkl: 0.8272045254707336
Ranking for query: s2556413_test04.pkl
Document: Similarity
s2556413_test18.pkl: 0.9779373407363892
s2556413_test22.pkl: 0.9735847115516663
s2556413_test21.pkl: 0.8616684675216675
s2556413_test14.pkl: 0.8551056385040283
s2556413_test10.pkl: 0.8509529829025269
s2556413_test24.pkl: 0.8462786078453064
s2556413_test19.pkl: 0.8443920612335205
s2556413_test11.pkl: 0.8436431288719177
s2556413_test29.pkl: 0.8396925330162048
s2556413_test27.pkl: 0.8372346758842468
Ranking for query: s2556413_test05.pkl
Document: Similarity
s2556413_test12.pkl: 0.9366632699966431
s2556413_test15.pkl: 0.9259560108184814
s2556413_test23.pkl: 0.8643278479576111
s2556413_test16.pkl: 0.8641871213912964
s2556413_test07.pkl: 0.8608161211013794
s2556413_test17.pkl: 0.8554226756095886
s2556413_test21.pkl: 0.8528131246566772
s2556413_test24.pkl: 0.8406226634979248
s2556413_test11.pkl: 0.8286063075065613
s2556413_test28.pkl: 0.8243276476860046
