Ranking for query: s2556413_test01.pkl
Document: Similarity
s2556413_test30.pkl: 0.9267092943191528
s2556413_test26.pkl: 0.9150564074516296
s2556413_test11.pkl: 0.8517938256263733
s2556413_test21.pkl: 0.8489170670509338
s2556413_test06.pkl: 0.8479009866714478
s2556413_test03.pkl: 0.8334524035453796
s2556413_test24.pkl: 0.8205244541168213
s2556413_test14.pkl: 0.8111964464187622
s2556413_test20.pkl: 0.806214451789856
s2556413_test19.pkl: 0.7990586161613464
Ranking for query: s2556413_test02.pkl
Document: Similarity
s2556413_test06.pkl: 0.9650580883026123
s2556413_test03.pkl: 0.9555782079696655
s2556413_test26.pkl: 0.8669425845146179
s2556413_test30.pkl: 0.8601385951042175
s2556413_test08.pkl: 0.8512229323387146
s2556413_test27.pkl: 0.8461751937866211
s2556413_test29.pkl: 0.8332133293151855
s2556413_test24.pkl: 0.8307536244392395
s2556413_test21.pkl: 0.8290604948997498
s2556413_test11.pkl: 0.8288853764533997
Ranking for query: s2556413_test04.pkl
Document: Similarity
s2556413_test18.pkl: 0.9681331515312195
s2556413_test22.pkl: 0.9673151969909668
s2556413_test21.pkl: 0.8496765494346619
s2556413_test10.pkl: 0.8356711268424988
s2556413_test14.pkl: 0.8353273272514343
s2556413_test19.pkl: 0.8270007371902466
s2556413_test11.pkl: 0.8175351023674011
s2556413_test24.pkl: 0.8115631341934204
s2556413_test.pkl: 0.8113877773284912
s2556413_test30.pkl: 0.8102566003799438
Ranking for query: s2556413_test05.pkl
Document: Similarity
s2556413_test12.pkl: 0.9382117390632629
s2556413_test15.pkl: 0.9132084250450134
s2556413_test07.pkl: 0.8787592053413391
s2556413_test23.pkl: 0.8643293380737305
s2556413_test16.pkl: 0.8643220067024231
s2556413_test24.pkl: 0.8607596158981323
s2556413_test28.pkl: 0.8591631054878235
s2556413_test21.pkl: 0.8566548824310303
s2556413_test17.pkl: 0.8395906090736389
s2556413_test25.pkl: 0.835387647151947
