Ranking for query: s2556413_test01.pkl
Document: Similarity
s2556413_test26.pkl: 0.9500112533569336
s2556413_test30.pkl: 0.9374381303787231
s2556413_test21.pkl: 0.8815802335739136
s2556413_test24.pkl: 0.8597010374069214
s2556413_test11.pkl: 0.8557030558586121
s2556413_test06.pkl: 0.8512694835662842
s2556413_test03.pkl: 0.8502570390701294
s2556413_test20.pkl: 0.8492672443389893
s2556413_test13.pkl: 0.8207002282142639
s2556413_test18.pkl: 0.8105813264846802
Ranking for query: s2556413_test02.pkl
Document: Similarity
s2556413_test03.pkl: 0.9676259756088257
s2556413_test06.pkl: 0.9664870500564575
s2556413_test27.pkl: 0.8875345587730408
s2556413_test08.pkl: 0.8631093502044678
s2556413_test29.pkl: 0.8529833555221558
s2556413_test26.pkl: 0.842893123626709
s2556413_test30.pkl: 0.8391458988189697
s2556413_test11.pkl: 0.8318011164665222
s2556413_test24.pkl: 0.8192798495292664
s2556413_test18.pkl: 0.8038854002952576
Ranking for query: s2556413_test04.pkl
Document: Similarity
s2556413_test18.pkl: 0.9741276502609253
s2556413_test22.pkl: 0.9680773019790649
s2556413_test21.pkl: 0.886023998260498
s2556413_test24.pkl: 0.8660942316055298
s2556413_test10.pkl: 0.8610812425613403
s2556413_test14.pkl: 0.8576979637145996
s2556413_test11.pkl: 0.8570622205734253
s2556413_test17.pkl: 0.8533420562744141
s2556413_test19.pkl: 0.8526390194892883
s2556413_test27.pkl: 0.8501867651939392
Ranking for query: s2556413_test05.pkl
Document: Similarity
s2556413_test12.pkl: 0.9215937852859497
s2556413_test15.pkl: 0.9170531630516052
s2556413_test07.pkl: 0.8738007545471191
s2556413_test16.pkl: 0.8588991165161133
s2556413_test23.pkl: 0.8569958209991455
s2556413_test17.pkl: 0.8548335433006287
s2556413_test21.pkl: 0.8444288969039917
s2556413_test24.pkl: 0.8379298448562622
s2556413_test28.pkl: 0.8295580148696899
s2556413_test11.pkl: 0.8263071179389954
