Ranking for query: s2556413_test01.pkl
Document: Similarity
s2556413_test26.pkl: 0.9146818518638611
s2556413_test30.pkl: 0.8593847155570984
s2556413_test06.pkl: 0.8427143096923828
s2556413_test11.pkl: 0.8140090107917786
s2556413_test03.pkl: 0.8082370758056641
s2556413_test21.pkl: 0.7906115055084229
s2556413_test24.pkl: 0.7814549803733826
s2556413_test14.pkl: 0.7576721906661987
s2556413_test27.pkl: 0.7488544583320618
s2556413_test18.pkl: 0.7486157417297363
Ranking for query: s2556413_test02.pkl
Document: Similarity
s2556413_test03.pkl: 0.9535092711448669
s2556413_test06.pkl: 0.9165310859680176
s2556413_test26.pkl: 0.8781248331069946
s2556413_test30.pkl: 0.8575243949890137
s2556413_test08.pkl: 0.8331612348556519
s2556413_test27.pkl: 0.8269553184509277
s2556413_test24.pkl: 0.8141323328018188
s2556413_test29.pkl: 0.8122599720954895
s2556413_test11.pkl: 0.8022830486297607
s2556413_test21.pkl: 0.7900769114494324
Ranking for query: s2556413_test04.pkl
Document: Similarity
s2556413_test22.pkl: 0.9360262155532837
s2556413_test18.pkl: 0.9121224880218506
s2556413_test21.pkl: 0.8874353766441345
s2556413_test13.pkl: 0.8853472471237183
s2556413_test20.pkl: 0.868581235408783
s2556413_test11.pkl: 0.8575778603553772
s2556413_test09.pkl: 0.852156400680542
s2556413_test10.pkl: 0.8447672128677368
s2556413_test14.pkl: 0.8422428965568542
s2556413_test28.pkl: 0.8400692939758301
Ranking for query: s2556413_test05.pkl
Document: Similarity
s2556413_test15.pkl: 0.9065865874290466
s2556413_test12.pkl: 0.8759914040565491
s2556413_test16.pkl: 0.8483004570007324
s2556413_test21.pkl: 0.8461504578590393
s2556413_test17.pkl: 0.8027498722076416
s2556413_test18.pkl: 0.8019582033157349
s2556413_test23.pkl: 0.795665979385376
s2556413_test22.pkl: 0.7955601811408997
s2556413_test24.pkl: 0.7949094176292419
s2556413_test10.pkl: 0.7947039604187012
