Ranking for query: s2556413_test01.pkl
Document: Similarity
s2556413_test30.pkl: 0.9418724179267883
s2556413_test26.pkl: 0.9399969577789307
s2556413_test21.pkl: 0.8742803931236267
s2556413_test11.pkl: 0.8660216927528381
s2556413_test24.pkl: 0.8540711998939514
s2556413_test06.pkl: 0.8401722311973572
s2556413_test03.pkl: 0.8300121426582336
s2556413_test20.pkl: 0.8210808634757996
s2556413_test13.pkl: 0.809729278087616
s2556413_test09.pkl: 0.8049232363700867
Ranking for query: s2556413_test02.pkl
Document: Similarity
s2556413_test03.pkl: 0.9693373441696167
s2556413_test06.pkl: 0.9672088027000427
s2556413_test08.pkl: 0.8362171053886414
s2556413_test30.pkl: 0.8276790976524353
s2556413_test29.pkl: 0.8223590850830078
s2556413_test26.pkl: 0.8199319243431091
s2556413_test27.pkl: 0.813689112663269
s2556413_test21.pkl: 0.7959616184234619
s2556413_test11.pkl: 0.7930688858032227
s2556413_test24.pkl: 0.7927231192588806
Ranking for query: s2556413_test04.pkl
Document: Similarity
s2556413_test18.pkl: 0.9779959321022034
s2556413_test22.pkl: 0.9712107181549072
s2556413_test10.pkl: 0.839999258518219
s2556413_test14.pkl: 0.8298599123954773
s2556413_test19.pkl: 0.8278118371963501
s2556413_test21.pkl: 0.8256351351737976
s2556413_test29.pkl: 0.8165825605392456
s2556413_test27.pkl: 0.8119480609893799
s2556413_test08.pkl: 0.8075507879257202
s2556413_test17.pkl: 0.8034656047821045
Ranking for query: s2556413_test05.pkl
Document: Similarity
s2556413_test12.pkl: 0.9278956651687622
s2556413_test15.pkl: 0.9142813682556152
s2556413_test07.pkl: 0.8593437075614929
s2556413_test16.pkl: 0.8591310381889343
s2556413_test23.pkl: 0.8530755043029785
s2556413_test21.pkl: 0.8421760201454163
s2556413_test24.pkl: 0.8370352983474731
s2556413_test17.pkl: 0.8368942737579346
s2556413_test11.pkl: 0.8169708251953125
s2556413_test28.pkl: 0.8156076073646545
