Ranking for query: s2556413_test01.pkl
Document: Similarity
s2556413_test30.pkl: 0.9417790174484253
s2556413_test26.pkl: 0.9399968981742859
s2556413_test21.pkl: 0.8742804527282715
s2556413_test11.pkl: 0.8664736747741699
s2556413_test24.pkl: 0.8540711402893066
s2556413_test06.pkl: 0.840172290802002
s2556413_test03.pkl: 0.8300121426582336
s2556413_test20.pkl: 0.8210808038711548
s2556413_test09.pkl: 0.8054978251457214
s2556413_test13.pkl: 0.799954354763031
Ranking for query: s2556413_test02.pkl
Document: Similarity
s2556413_test03.pkl: 0.9693373441696167
s2556413_test06.pkl: 0.9667712450027466
s2556413_test30.pkl: 0.8275424242019653
s2556413_test08.pkl: 0.8240706324577332
s2556413_test26.pkl: 0.8199318647384644
s2556413_test.pkl: 0.8193157911300659
s2556413_test27.pkl: 0.8069542050361633
s2556413_test29.pkl: 0.8013221025466919
s2556413_test21.pkl: 0.7959617376327515
s2556413_test11.pkl: 0.7933279871940613
Ranking for query: s2556413_test04.pkl
Document: Similarity
s2556413_test18.pkl: 0.9779958724975586
s2556413_test22.pkl: 0.971210777759552
s2556413_test10.pkl: 0.839999258518219
s2556413_test.pkl: 0.8358727693557739
s2556413_test14.pkl: 0.828575074672699
s2556413_test19.pkl: 0.8278117775917053
s2556413_test21.pkl: 0.8256351947784424
s2556413_test27.pkl: 0.8071087598800659
s2556413_test17.pkl: 0.8034656643867493
s2556413_test11.pkl: 0.803066074848175
Ranking for query: s2556413_test05.pkl
Document: Similarity
s2556413_test12.pkl: 0.9278956055641174
s2556413_test15.pkl: 0.914262056350708
s2556413_test07.pkl: 0.8593437075614929
s2556413_test16.pkl: 0.8591310977935791
s2556413_test23.pkl: 0.8530755043029785
s2556413_test21.pkl: 0.842176079750061
s2556413_test24.pkl: 0.8370351195335388
s2556413_test17.pkl: 0.8368943333625793
s2556413_test11.pkl: 0.8170154094696045
s2556413_test28.pkl: 0.8156076073646545
