Ranking for query: s2556413_test01.pkl
Document: Similarity
s2556413_test30.pkl: 0.8624780178070068
s2556413_test26.pkl: 0.8572177886962891
s2556413_test21.pkl: 0.839220404624939
s2556413_test11.pkl: 0.8381604552268982
s2556413_test24.pkl: 0.8196730613708496
s2556413_test06.pkl: 0.773329496383667
s2556413_test03.pkl: 0.7705773115158081
s2556413_test14.pkl: 0.7597643733024597
s2556413_test16.pkl: 0.7525670528411865
s2556413_test09.pkl: 0.7520705461502075
Ranking for query: s2556413_test02.pkl
Document: Similarity
s2556413_test06.pkl: 0.8731616735458374
s2556413_test03.pkl: 0.8469056487083435
s2556413_test08.pkl: 0.7801662683486938
s2556413_test27.pkl: 0.7756561636924744
s2556413_test26.pkl: 0.7743428349494934
s2556413_test30.pkl: 0.7623273730278015
s2556413_test24.pkl: 0.7609249949455261
s2556413_test29.pkl: 0.7580028176307678
s2556413_test21.pkl: 0.7557962536811829
s2556413_test14.pkl: 0.748971164226532
Ranking for query: s2556413_test04.pkl
Document: Similarity
s2556413_test18.pkl: 0.8654024600982666
s2556413_test22.pkl: 0.8551315069198608
s2556413_test17.pkl: 0.7803599834442139
s2556413_test19.pkl: 0.7786252498626709
s2556413_test10.pkl: 0.7750973105430603
s2556413_test14.pkl: 0.7731838226318359
s2556413_test07.pkl: 0.7703376412391663
s2556413_test20.pkl: 0.7530184984207153
s2556413_test24.pkl: 0.7521944642066956
s2556413_test29.pkl: 0.7451789975166321
Ranking for query: s2556413_test05.pkl
Document: Similarity
s2556413_test12.pkl: 0.8904671669006348
s2556413_test15.pkl: 0.8521066904067993
s2556413_test17.pkl: 0.811436653137207
s2556413_test23.pkl: 0.8001865744590759
s2556413_test07.pkl: 0.7900391221046448
s2556413_test16.pkl: 0.7778707146644592
s2556413_test28.pkl: 0.7625296115875244
s2556413_test24.pkl: 0.7451695799827576
s2556413_test30.pkl: 0.7274442315101624
s2556413_test21.pkl: 0.7198154926300049
