Ranking for query: s2556413_test01.pkl
Document: Similarity
s2556413_test26.pkl: 0.8505342602729797
s2556413_test11.pkl: 0.7985426187515259
s2556413_test06.pkl: 0.779123067855835
s2556413_test30.pkl: 0.7782135009765625
s2556413_test27.pkl: 0.7676629424095154
s2556413_test21.pkl: 0.760773777961731
s2556413_test24.pkl: 0.7548840045928955
s2556413_test03.pkl: 0.7478581070899963
s2556413_test08.pkl: 0.7084683775901794
s2556413_test14.pkl: 0.7070882320404053
Ranking for query: s2556413_test02.pkl
Document: Similarity
s2556413_test03.pkl: 0.7852846384048462
s2556413_test06.pkl: 0.7776298522949219
s2556413_test08.pkl: 0.7650272250175476
s2556413_test29.pkl: 0.7596384286880493
s2556413_test27.pkl: 0.7318810820579529
s2556413_test24.pkl: 0.7195395231246948
s2556413_test26.pkl: 0.7036676406860352
s2556413_test14.pkl: 0.6885731816291809
s2556413_test21.pkl: 0.6885011792182922
s2556413_test30.pkl: 0.6809576749801636
Ranking for query: s2556413_test04.pkl
Document: Similarity
s2556413_test22.pkl: 0.7700046300888062
s2556413_test18.pkl: 0.7362973093986511
s2556413_test23.pkl: 0.7281439304351807
s2556413_test14.pkl: 0.7170318365097046
s2556413_test17.pkl: 0.7134963870048523
s2556413_test19.pkl: 0.7094000577926636
s2556413_test13.pkl: 0.7032895684242249
s2556413_test10.pkl: 0.6894595623016357
s2556413_test08.pkl: 0.6887649297714233
s2556413_test07.pkl: 0.6885361671447754
Ranking for query: s2556413_test05.pkl
Document: Similarity
s2556413_test15.pkl: 0.811185896396637
s2556413_test12.pkl: 0.7994207143783569
s2556413_test23.pkl: 0.7445731163024902
s2556413_test07.pkl: 0.7201431393623352
s2556413_test17.pkl: 0.7094871401786804
s2556413_test16.pkl: 0.6980360746383667
s2556413_test10.pkl: 0.6938604712486267
s2556413_test06.pkl: 0.6844297051429749
s2556413_test19.pkl: 0.678137481212616
s2556413_test08.pkl: 0.6658462882041931
