Ranking for query: s2556413_test01.pkl
Document: Similarity
s2556413_test26.pkl: 0.8444824814796448
s2556413_test30.pkl: 0.8410654664039612
s2556413_test21.pkl: 0.835466742515564
s2556413_test11.pkl: 0.8148576021194458
s2556413_test24.pkl: 0.8052388429641724
s2556413_test06.pkl: 0.7735373377799988
s2556413_test03.pkl: 0.7731406688690186
s2556413_test20.pkl: 0.7597154974937439
s2556413_test18.pkl: 0.7515000104904175
s2556413_test17.pkl: 0.7454638481140137
Ranking for query: s2556413_test02.pkl
Document: Similarity
s2556413_test06.pkl: 0.8847904205322266
s2556413_test03.pkl: 0.8568353652954102
s2556413_test27.pkl: 0.796066164970398
s2556413_test08.pkl: 0.7936423420906067
s2556413_test30.pkl: 0.7883656024932861
s2556413_test26.pkl: 0.7874155044555664
s2556413_test29.pkl: 0.7734532356262207
s2556413_test18.pkl: 0.7489850521087646
s2556413_test21.pkl: 0.7477339506149292
s2556413_test20.pkl: 0.7401977181434631
Ranking for query: s2556413_test04.pkl
Document: Similarity
s2556413_test18.pkl: 0.8687116503715515
s2556413_test22.pkl: 0.8498572707176208
s2556413_test17.pkl: 0.8100162744522095
s2556413_test19.pkl: 0.7926273941993713
s2556413_test10.pkl: 0.784537136554718
s2556413_test07.pkl: 0.7816370725631714
s2556413_test08.pkl: 0.7761135697364807
s2556413_test14.pkl: 0.773941159248352
s2556413_test21.pkl: 0.7688482403755188
s2556413_test24.pkl: 0.768273115158081
Ranking for query: s2556413_test05.pkl
Document: Similarity
s2556413_test12.pkl: 0.8780332803726196
s2556413_test15.pkl: 0.8411486744880676
s2556413_test07.pkl: 0.8205478191375732
s2556413_test16.pkl: 0.8146452903747559
s2556413_test17.pkl: 0.8052424788475037
s2556413_test23.pkl: 0.7888381481170654
s2556413_test28.pkl: 0.7781668901443481
s2556413_test30.pkl: 0.7484642863273621
s2556413_test24.pkl: 0.7442885637283325
s2556413_test21.pkl: 0.7417383193969727
