Ranking for query: s2556413_test01.pkl
Document: Similarity
s2556413_test30.pkl: 0.897603724684034
s2556413_test26.pkl: 0.8953679800033569
s2556413_test21.pkl: 0.7937593970979963
s2556413_test24.pkl: 0.7866326655660357
s2556413_test11.pkl: 0.7755944558552333
s2556413_test20.pkl: 0.7697804910796029
s2556413_test.pkl: 0.7594876544816154
s2556413_test12.pkl: 0.7453207714217049
s2556413_test15.pkl: 0.7355899725641523
s2556413_test09.pkl: 0.731783892427172
Ranking for query: s2556413_test02.pkl
Document: Similarity
s2556413_test03.pkl: 0.9308131635189056
s2556413_test06.pkl: 0.9229885414242744
s2556413_test.pkl: 0.7854252532124519
s2556413_test08.pkl: 0.7330003827810287
s2556413_test29.pkl: 0.7136600688099861
s2556413_test27.pkl: 0.7059711217880249
s2556413_test30.pkl: 0.6694350987672806
s2556413_test19.pkl: 0.6495247408747673
s2556413_test21.pkl: 0.6459298804402351
s2556413_test24.pkl: 0.6431233361363411
Ranking for query: s2556413_test04.pkl
Document: Similarity
s2556413_test18.pkl: 0.937228687107563
s2556413_test22.pkl: 0.9244092479348183
s2556413_test.pkl: 0.8069910407066345
s2556413_test10.pkl: 0.759820744395256
s2556413_test19.pkl: 0.7447949424386024
s2556413_test27.pkl: 0.7430562451481819
s2556413_test14.pkl: 0.7403318807482719
s2556413_test29.pkl: 0.7317932620644569
s2556413_test21.pkl: 0.7317657619714737
s2556413_test08.pkl: 0.7297567129135132
Ranking for query: s2556413_test05.pkl
Document: Similarity
s2556413_test15.pkl: 0.8761351481080055
s2556413_test12.pkl: 0.8680464699864388
s2556413_test21.pkl: 0.8020301535725594
s2556413_test16.pkl: 0.7943738251924515
s2556413_test28.pkl: 0.7889679670333862
s2556413_test23.pkl: 0.7749676629900932
s2556413_test24.pkl: 0.7736003398895264
s2556413_test07.pkl: 0.7642379775643349
s2556413_test11.pkl: 0.7516145408153534
s2556413_test25.pkl: 0.7472363188862801
