Ranking for query: s2556413_test01.pkl
Document: Similarity
s2556413_test26.pkl: 0.9069488048553467
s2556413_test30.pkl: 0.8393157124519348
s2556413_test06.pkl: 0.8375781774520874
s2556413_test03.pkl: 0.8092347383499146
s2556413_test11.pkl: 0.8012526035308838
s2556413_test21.pkl: 0.792647123336792
s2556413_test24.pkl: 0.7753458023071289
s2556413_test14.pkl: 0.7560684084892273
s2556413_test18.pkl: 0.7479594945907593
s2556413_test20.pkl: 0.7457382678985596
Ranking for query: s2556413_test02.pkl
Document: Similarity
s2556413_test03.pkl: 0.9528934359550476
s2556413_test06.pkl: 0.9176216721534729
s2556413_test26.pkl: 0.8544013500213623
s2556413_test30.pkl: 0.8391608595848083
s2556413_test27.pkl: 0.8254469633102417
s2556413_test08.pkl: 0.8201583623886108
s2556413_test29.pkl: 0.791674792766571
s2556413_test11.pkl: 0.7845398187637329
s2556413_test24.pkl: 0.7766283750534058
s2556413_test21.pkl: 0.769308865070343
Ranking for query: s2556413_test04.pkl
Document: Similarity
s2556413_test22.pkl: 0.9276658296585083
s2556413_test18.pkl: 0.9173855781555176
s2556413_test21.pkl: 0.8469245433807373
s2556413_test11.pkl: 0.8368059396743774
s2556413_test20.pkl: 0.8363702297210693
s2556413_test13.pkl: 0.8331796526908875
s2556413_test09.pkl: 0.8278123140335083
s2556413_test10.pkl: 0.8271002173423767
s2556413_test14.pkl: 0.821759045124054
s2556413_test19.pkl: 0.8210361003875732
Ranking for query: s2556413_test05.pkl
Document: Similarity
s2556413_test15.pkl: 0.9212607145309448
s2556413_test12.pkl: 0.8886622190475464
s2556413_test16.pkl: 0.8723952770233154
s2556413_test21.pkl: 0.8410777449607849
s2556413_test17.pkl: 0.8326659798622131
s2556413_test23.pkl: 0.8317477703094482
s2556413_test19.pkl: 0.821357250213623
s2556413_test07.pkl: 0.8126052618026733
s2556413_test28.pkl: 0.8119198679924011
s2556413_test11.pkl: 0.8118943572044373
