Ranking for query: s2556413_test01.pkl
Document: Similarity
s2556413_test26.pkl: 0.793739914894104
s2556413_test30.pkl: 0.7796964645385742
s2556413_test06.pkl: 0.7698776721954346
s2556413_test11.pkl: 0.7506967782974243
s2556413_test03.pkl: 0.7492622137069702
s2556413_test21.pkl: 0.7474029064178467
s2556413_test24.pkl: 0.7215640544891357
s2556413_test16.pkl: 0.7115790843963623
s2556413_test25.pkl: 0.6859503984451294
s2556413_test14.pkl: 0.6820979714393616
Ranking for query: s2556413_test02.pkl
Document: Similarity
s2556413_test03.pkl: 0.7978811860084534
s2556413_test06.pkl: 0.7910585999488831
s2556413_test21.pkl: 0.6717025637626648
s2556413_test29.pkl: 0.6691248416900635
s2556413_test26.pkl: 0.6684475541114807
s2556413_test14.pkl: 0.6674318313598633
s2556413_test16.pkl: 0.6662092208862305
s2556413_test08.pkl: 0.6598051190376282
s2556413_test24.pkl: 0.6593005061149597
s2556413_test27.pkl: 0.6574942469596863
Ranking for query: s2556413_test04.pkl
Document: Similarity
s2556413_test22.pkl: 0.7870031595230103
s2556413_test18.pkl: 0.7609732151031494
s2556413_test23.pkl: 0.7105087041854858
s2556413_test14.pkl: 0.7059889435768127
s2556413_test17.pkl: 0.6995384097099304
s2556413_test10.pkl: 0.6993290185928345
s2556413_test16.pkl: 0.6911386847496033
s2556413_test19.pkl: 0.6846157908439636
s2556413_test25.pkl: 0.6793904304504395
s2556413_test28.pkl: 0.6671779751777649
Ranking for query: s2556413_test05.pkl
Document: Similarity
s2556413_test12.pkl: 0.8301778435707092
s2556413_test07.pkl: 0.7500962018966675
s2556413_test17.pkl: 0.7306311130523682
s2556413_test23.pkl: 0.7282949686050415
s2556413_test15.pkl: 0.721480131149292
s2556413_test16.pkl: 0.7089065909385681
s2556413_test28.pkl: 0.6796877384185791
s2556413_test25.pkl: 0.6710119247436523
s2556413_test21.pkl: 0.6564704179763794
s2556413_test08.pkl: 0.6301502585411072
