Ranking for query: s2556413_test01.pkl
Document: Similarity
s2556413_test30.pkl: 0.9267457723617554
s2556413_test26.pkl: 0.9150564074516296
s2556413_test11.pkl: 0.851238489151001
s2556413_test21.pkl: 0.8489169478416443
s2556413_test06.pkl: 0.847900927066803
s2556413_test03.pkl: 0.8334522843360901
s2556413_test24.pkl: 0.8205245137214661
s2556413_test14.pkl: 0.8118542432785034
s2556413_test20.pkl: 0.806214451789856
s2556413_test13.pkl: 0.8027983903884888
Ranking for query: s2556413_test02.pkl
Document: Similarity
s2556413_test06.pkl: 0.9650580883026123
s2556413_test03.pkl: 0.9555780291557312
s2556413_test26.pkl: 0.8669425845146179
s2556413_test08.pkl: 0.8661471605300903
s2556413_test30.pkl: 0.8601385951042175
s2556413_test27.pkl: 0.8524762988090515
s2556413_test29.pkl: 0.8498213887214661
s2556413_test24.pkl: 0.8307536244392395
s2556413_test21.pkl: 0.8290603160858154
s2556413_test11.pkl: 0.8286600112915039
Ranking for query: s2556413_test04.pkl
Document: Similarity
s2556413_test18.pkl: 0.9681330919265747
s2556413_test22.pkl: 0.9673149585723877
s2556413_test21.pkl: 0.8496764898300171
s2556413_test14.pkl: 0.8363233208656311
s2556413_test10.pkl: 0.8356711268424988
s2556413_test19.pkl: 0.8270007967948914
s2556413_test11.pkl: 0.8164411783218384
s2556413_test24.pkl: 0.81156325340271
s2556413_test30.pkl: 0.8112363815307617
s2556413_test03.pkl: 0.8040562272071838
Ranking for query: s2556413_test05.pkl
Document: Similarity
s2556413_test12.pkl: 0.9382117390632629
s2556413_test15.pkl: 0.9134825468063354
s2556413_test07.pkl: 0.8787592053413391
s2556413_test23.pkl: 0.8643293380737305
s2556413_test16.pkl: 0.8643221855163574
s2556413_test24.pkl: 0.8607597351074219
s2556413_test28.pkl: 0.859163224697113
s2556413_test21.pkl: 0.8566547632217407
s2556413_test17.pkl: 0.8395906090736389
s2556413_test25.pkl: 0.8354876637458801
