Ranking for query: s2556413_test01.pkl
Document: Similarity
s2556413_test26.pkl: 0.8167205452919006
s2556413_test06.pkl: 0.7597377896308899
s2556413_test11.pkl: 0.7542914748191833
s2556413_test30.pkl: 0.749592661857605
s2556413_test27.pkl: 0.749545156955719
s2556413_test03.pkl: 0.7237088084220886
s2556413_test21.pkl: 0.7182111740112305
s2556413_test08.pkl: 0.696663498878479
s2556413_test24.pkl: 0.69654381275177
s2556413_test29.pkl: 0.6769877076148987
Ranking for query: s2556413_test02.pkl
Document: Similarity
s2556413_test03.pkl: 0.7868549823760986
s2556413_test06.pkl: 0.7668443918228149
s2556413_test08.pkl: 0.7469556927680969
s2556413_test29.pkl: 0.7266930341720581
s2556413_test26.pkl: 0.7008284330368042
s2556413_test27.pkl: 0.6960233449935913
s2556413_test24.pkl: 0.657534658908844
s2556413_test30.pkl: 0.640423059463501
s2556413_test.pkl: 0.6359072923660278
s2556413_test14.pkl: 0.6303965449333191
Ranking for query: s2556413_test04.pkl
Document: Similarity
s2556413_test22.pkl: 0.7386826872825623
s2556413_test18.pkl: 0.7257440686225891
s2556413_test23.pkl: 0.6861909627914429
s2556413_test08.pkl: 0.6861263513565063
s2556413_test17.pkl: 0.68491530418396
s2556413_test13.pkl: 0.6793323755264282
s2556413_test19.pkl: 0.666151762008667
s2556413_test10.pkl: 0.6628376841545105
s2556413_test14.pkl: 0.6599335670471191
s2556413_test07.pkl: 0.6572774052619934
Ranking for query: s2556413_test05.pkl
Document: Similarity
s2556413_test12.pkl: 0.7912015914916992
s2556413_test15.pkl: 0.7717975974082947
s2556413_test23.pkl: 0.7189176678657532
s2556413_test07.pkl: 0.7135447263717651
s2556413_test16.pkl: 0.6927282810211182
s2556413_test17.pkl: 0.6843981742858887
s2556413_test10.pkl: 0.6625077724456787
s2556413_test28.pkl: 0.6550376415252686
s2556413_test19.pkl: 0.6501074433326721
s2556413_test24.pkl: 0.6314679384231567
