Ranking for query: s2556413_test01.pkl
Document: Similarity
s2556413_test11.pkl: 0.8386107683181763
s2556413_test30.pkl: 0.8365618586540222
s2556413_test06.pkl: 0.8061853647232056
s2556413_test21.pkl: 0.8034698367118835
s2556413_test24.pkl: 0.7997395992279053
s2556413_test22.pkl: 0.7976372838020325
s2556413_test18.pkl: 0.7898233532905579
s2556413_test26.pkl: 0.7663012146949768
s2556413_test25.pkl: 0.764562726020813
s2556413_test14.pkl: 0.7568100690841675
Ranking for query: s2556413_test02.pkl
Document: Similarity
s2556413_test06.pkl: 0.8796727657318115
s2556413_test27.pkl: 0.8154574036598206
s2556413_test08.pkl: 0.7789754271507263
s2556413_test30.pkl: 0.7698911428451538
s2556413_test29.pkl: 0.7578930854797363
s2556413_test18.pkl: 0.7558329105377197
s2556413_test22.pkl: 0.7529121041297913
s2556413_test11.pkl: 0.7482892274856567
s2556413_test24.pkl: 0.7379115223884583
s2556413_test14.pkl: 0.7293574810028076
Ranking for query: s2556413_test04.pkl
Document: Similarity
s2556413_test18.pkl: 0.8862855434417725
s2556413_test22.pkl: 0.8813109397888184
s2556413_test14.pkl: 0.7811144590377808
s2556413_test08.pkl: 0.780053973197937
s2556413_test27.pkl: 0.7767832279205322
s2556413_test17.pkl: 0.772795557975769
s2556413_test06.pkl: 0.771365225315094
s2556413_test19.pkl: 0.7660671472549438
s2556413_test21.pkl: 0.7655190825462341
s2556413_test23.pkl: 0.7651672959327698
Ranking for query: s2556413_test05.pkl
Document: Similarity
s2556413_test15.pkl: 0.8132985234260559
s2556413_test16.pkl: 0.7875435948371887
s2556413_test17.pkl: 0.7608864903450012
s2556413_test12.pkl: 0.7497546672821045
s2556413_test21.pkl: 0.7396267652511597
s2556413_test25.pkl: 0.7347914576530457
s2556413_test07.pkl: 0.7312338948249817
s2556413_test23.pkl: 0.7198948860168457
s2556413_test24.pkl: 0.7149870991706848
s2556413_test08.pkl: 0.7027266621589661
