Ranking for query: s2556413_test01.pkl
Document: Similarity
s2556413_test26.pkl: 0.9021376967430115
s2556413_test30.pkl: 0.8658415079116821
s2556413_test06.pkl: 0.8019251823425293
s2556413_test21.pkl: 0.8006319999694824
s2556413_test11.pkl: 0.7924342155456543
s2556413_test03.pkl: 0.7770436406135559
s2556413_test24.pkl: 0.776224672794342
s2556413_test20.pkl: 0.7720904350280762
s2556413_test27.pkl: 0.7544252276420593
s2556413_test13.pkl: 0.7470217943191528
Ranking for query: s2556413_test02.pkl
Document: Similarity
s2556413_test03.pkl: 0.9307723045349121
s2556413_test06.pkl: 0.9239262938499451
s2556413_test26.pkl: 0.8146443963050842
s2556413_test27.pkl: 0.8045953512191772
s2556413_test08.pkl: 0.804171085357666
s2556413_test30.pkl: 0.7996700406074524
s2556413_test29.pkl: 0.784447431564331
s2556413_test11.pkl: 0.7366854548454285
s2556413_test24.pkl: 0.7287605404853821
s2556413_test21.pkl: 0.7251780033111572
Ranking for query: s2556413_test04.pkl
Document: Similarity
s2556413_test18.pkl: 0.9297653436660767
s2556413_test22.pkl: 0.929419755935669
s2556413_test13.pkl: 0.8494594097137451
s2556413_test20.pkl: 0.8183650970458984
s2556413_test10.pkl: 0.7969119548797607
s2556413_test09.pkl: 0.7929953336715698
s2556413_test14.pkl: 0.7908124923706055
s2556413_test29.pkl: 0.7856287956237793
s2556413_test21.pkl: 0.7856040000915527
s2556413_test19.pkl: 0.7854480743408203
Ranking for query: s2556413_test05.pkl
Document: Similarity
s2556413_test12.pkl: 0.8933252096176147
s2556413_test16.pkl: 0.8459900617599487
s2556413_test15.pkl: 0.8396820425987244
s2556413_test23.pkl: 0.8377086520195007
s2556413_test21.pkl: 0.8148508071899414
s2556413_test25.pkl: 0.8061753511428833
s2556413_test17.pkl: 0.8059449195861816
s2556413_test07.pkl: 0.8018032908439636
s2556413_test28.pkl: 0.7993800044059753
s2556413_test11.pkl: 0.7842710018157959
