Ranking for query: s2556413_test01.pkl
Document: Similarity
s2556413_test26.pkl: 0.9018705487251282
s2556413_test30.pkl: 0.8343279361724854
s2556413_test06.pkl: 0.8211073279380798
s2556413_test03.pkl: 0.7867744565010071
s2556413_test11.pkl: 0.783244788646698
s2556413_test21.pkl: 0.7693506479263306
s2556413_test20.pkl: 0.7483859062194824
s2556413_test24.pkl: 0.7476707100868225
s2556413_test27.pkl: 0.7385801672935486
s2556413_test09.pkl: 0.727579653263092
Ranking for query: s2556413_test02.pkl
Document: Similarity
s2556413_test03.pkl: 0.9414328336715698
s2556413_test06.pkl: 0.9245172739028931
s2556413_test26.pkl: 0.8493193984031677
s2556413_test08.pkl: 0.8140393495559692
s2556413_test27.pkl: 0.8053203225135803
s2556413_test30.pkl: 0.8048993945121765
s2556413_test29.pkl: 0.7738694548606873
s2556413_test11.pkl: 0.7448450326919556
s2556413_test24.pkl: 0.7266403436660767
s2556413_test21.pkl: 0.7257567644119263
Ranking for query: s2556413_test04.pkl
Document: Similarity
s2556413_test18.pkl: 0.932442843914032
s2556413_test22.pkl: 0.9129335880279541
s2556413_test13.pkl: 0.8624210953712463
s2556413_test20.pkl: 0.8115485906600952
s2556413_test11.pkl: 0.8068494200706482
s2556413_test09.pkl: 0.8013864159584045
s2556413_test21.pkl: 0.7985935807228088
s2556413_test10.pkl: 0.7895663976669312
s2556413_test19.pkl: 0.7782645225524902
s2556413_test14.pkl: 0.7699332237243652
Ranking for query: s2556413_test05.pkl
Document: Similarity
s2556413_test15.pkl: 0.8997926712036133
s2556413_test12.pkl: 0.8888380527496338
s2556413_test16.pkl: 0.8500767946243286
s2556413_test23.pkl: 0.835002064704895
s2556413_test28.pkl: 0.8118399977684021
s2556413_test21.pkl: 0.8090156316757202
s2556413_test17.pkl: 0.8077926635742188
s2556413_test25.pkl: 0.8017582893371582
s2556413_test07.pkl: 0.8016213178634644
s2556413_test19.pkl: 0.7975482940673828
