Ranking for query: s2556413_test01.pkl
Document: Similarity
s2556413_test30.pkl: 0.9239035844802856
s2556413_test26.pkl: 0.9114894866943359
s2556413_test21.pkl: 0.8492968082427979
s2556413_test24.pkl: 0.8340299129486084
s2556413_test06.pkl: 0.8323017954826355
s2556413_test03.pkl: 0.8223763704299927
s2556413_test11.pkl: 0.8074224591255188
s2556413_test20.pkl: 0.8018279075622559
s2556413_test14.pkl: 0.796511173248291
s2556413_test13.pkl: 0.7964778542518616
Ranking for query: s2556413_test02.pkl
Document: Similarity
s2556413_test03.pkl: 0.9476328492164612
s2556413_test06.pkl: 0.9468895196914673
s2556413_test30.pkl: 0.8355268239974976
s2556413_test08.pkl: 0.8346062898635864
s2556413_test27.pkl: 0.8287051916122437
s2556413_test26.pkl: 0.8283780813217163
s2556413_test29.pkl: 0.7977784872055054
s2556413_test21.pkl: 0.7738386392593384
s2556413_test24.pkl: 0.7682967782020569
s2556413_test11.pkl: 0.7587728500366211
Ranking for query: s2556413_test04.pkl
Document: Similarity
s2556413_test22.pkl: 0.9506535530090332
s2556413_test18.pkl: 0.9477070569992065
s2556413_test10.pkl: 0.8256131410598755
s2556413_test14.pkl: 0.8235596418380737
s2556413_test19.pkl: 0.8180259466171265
s2556413_test13.pkl: 0.8010819554328918
s2556413_test21.pkl: 0.7951813340187073
s2556413_test17.pkl: 0.7942073345184326
s2556413_test30.pkl: 0.7929034233093262
s2556413_test20.pkl: 0.7924500107765198
Ranking for query: s2556413_test05.pkl
Document: Similarity
s2556413_test12.pkl: 0.9153592586517334
s2556413_test15.pkl: 0.8669387102127075
s2556413_test23.pkl: 0.8420779705047607
s2556413_test16.pkl: 0.8419561386108398
s2556413_test07.pkl: 0.8408814072608948
s2556413_test25.pkl: 0.838721513748169
s2556413_test17.pkl: 0.834473192691803
s2556413_test21.pkl: 0.8155741095542908
s2556413_test28.pkl: 0.8149117231369019
s2556413_test24.pkl: 0.7962436676025391
