Ranking for query: s2556413_test01.pkl
Document: Similarity
s2556413_test26.pkl: 0.9146817922592163
s2556413_test30.pkl: 0.8577596545219421
s2556413_test06.pkl: 0.8427143096923828
s2556413_test11.pkl: 0.8095048666000366
s2556413_test03.pkl: 0.8082370758056641
s2556413_test21.pkl: 0.7906115055084229
s2556413_test24.pkl: 0.7814550399780273
s2556413_test14.pkl: 0.7576721906661987
s2556413_test18.pkl: 0.748615562915802
s2556413_test12.pkl: 0.7403915524482727
Ranking for query: s2556413_test02.pkl
Document: Similarity
s2556413_test03.pkl: 0.9535092711448669
s2556413_test06.pkl: 0.9165310859680176
s2556413_test26.pkl: 0.8781248331069946
s2556413_test30.pkl: 0.8575242161750793
s2556413_test08.pkl: 0.8244165182113647
s2556413_test27.pkl: 0.8169246315956116
s2556413_test24.pkl: 0.8141323328018188
s2556413_test29.pkl: 0.8080933094024658
s2556413_test11.pkl: 0.8052871227264404
s2556413_test21.pkl: 0.7900768518447876
Ranking for query: s2556413_test04.pkl
Document: Similarity
s2556413_test22.pkl: 0.9360262155532837
s2556413_test18.pkl: 0.9121224284172058
s2556413_test21.pkl: 0.8874353766441345
s2556413_test20.pkl: 0.8685812950134277
s2556413_test11.pkl: 0.8590047359466553
s2556413_test13.pkl: 0.8588724136352539
s2556413_test09.pkl: 0.8451050519943237
s2556413_test10.pkl: 0.8447673320770264
s2556413_test14.pkl: 0.842242956161499
s2556413_test28.pkl: 0.8400692939758301
Ranking for query: s2556413_test05.pkl
Document: Similarity
s2556413_test15.pkl: 0.9065865874290466
s2556413_test12.pkl: 0.8759913444519043
s2556413_test16.pkl: 0.8483006358146667
s2556413_test21.pkl: 0.8461503982543945
s2556413_test17.pkl: 0.8027498722076416
s2556413_test18.pkl: 0.8019581437110901
s2556413_test23.pkl: 0.795665979385376
s2556413_test22.pkl: 0.7955601811408997
s2556413_test24.pkl: 0.7949094772338867
s2556413_test10.pkl: 0.7947039604187012
