Ranking for query: s2556413_test01.pkl
Document: Similarity
s2556413_test30.pkl: 0.9238214492797852
s2556413_test26.pkl: 0.9114896655082703
s2556413_test21.pkl: 0.8492967486381531
s2556413_test24.pkl: 0.8340299129486084
s2556413_test06.pkl: 0.8323017358779907
s2556413_test03.pkl: 0.8223763108253479
s2556413_test11.pkl: 0.8080432415008545
s2556413_test20.pkl: 0.8018278479576111
s2556413_test14.pkl: 0.796503484249115
s2556413_test19.pkl: 0.7841857671737671
Ranking for query: s2556413_test02.pkl
Document: Similarity
s2556413_test03.pkl: 0.9476327896118164
s2556413_test06.pkl: 0.9468895196914673
s2556413_test30.pkl: 0.8349905610084534
s2556413_test26.pkl: 0.8283781409263611
s2556413_test27.pkl: 0.8214937448501587
s2556413_test08.pkl: 0.8133000135421753
s2556413_test29.pkl: 0.7765777111053467
s2556413_test.pkl: 0.7744057774543762
s2556413_test21.pkl: 0.7738385796546936
s2556413_test24.pkl: 0.7682967782020569
Ranking for query: s2556413_test04.pkl
Document: Similarity
s2556413_test22.pkl: 0.9506535530090332
s2556413_test18.pkl: 0.9477070569992065
s2556413_test10.pkl: 0.8256131410598755
s2556413_test14.pkl: 0.8228877782821655
s2556413_test19.pkl: 0.8180259466171265
s2556413_test21.pkl: 0.7951813340187073
s2556413_test17.pkl: 0.7942072153091431
s2556413_test20.pkl: 0.792449951171875
s2556413_test30.pkl: 0.7913730144500732
s2556413_test13.pkl: 0.7858962416648865
Ranking for query: s2556413_test05.pkl
Document: Similarity
s2556413_test12.pkl: 0.9153591990470886
s2556413_test15.pkl: 0.8661991357803345
s2556413_test23.pkl: 0.8420779705047607
s2556413_test16.pkl: 0.8419561386108398
s2556413_test07.pkl: 0.84088134765625
s2556413_test25.pkl: 0.8387216329574585
s2556413_test17.pkl: 0.8344731330871582
s2556413_test21.pkl: 0.8155741095542908
s2556413_test28.pkl: 0.8149118423461914
s2556413_test24.pkl: 0.7962436079978943
