Ranking for query: s2556413_test01.pkl
Document: Similarity
s2556413_test26.pkl: 0.9381622672080994
s2556413_test30.pkl: 0.9210218787193298
s2556413_test11.pkl: 0.8701587319374084
s2556413_test21.pkl: 0.8585074543952942
s2556413_test03.pkl: 0.8416205644607544
s2556413_test06.pkl: 0.8385985493659973
s2556413_test20.pkl: 0.8335964679718018
s2556413_test13.pkl: 0.8135815262794495
s2556413_test18.pkl: 0.811011552810669
s2556413_test22.pkl: 0.8080008625984192
Ranking for query: s2556413_test02.pkl
Document: Similarity
s2556413_test03.pkl: 0.9642521739006042
s2556413_test06.pkl: 0.9549393653869629
s2556413_test27.pkl: 0.889554500579834
s2556413_test08.pkl: 0.8659010529518127
s2556413_test26.pkl: 0.8511360287666321
s2556413_test29.pkl: 0.8472836017608643
s2556413_test30.pkl: 0.8333474397659302
s2556413_test11.pkl: 0.8319033980369568
s2556413_test18.pkl: 0.7968443036079407
s2556413_test21.pkl: 0.7950835227966309
Ranking for query: s2556413_test04.pkl
Document: Similarity
s2556413_test18.pkl: 0.9672096371650696
s2556413_test22.pkl: 0.9648556113243103
s2556413_test21.pkl: 0.86617112159729
s2556413_test27.pkl: 0.8544061183929443
s2556413_test08.pkl: 0.8455002903938293
s2556413_test10.pkl: 0.840137779712677
s2556413_test14.pkl: 0.839521586894989
s2556413_test11.pkl: 0.8380882143974304
s2556413_test17.pkl: 0.8360863327980042
s2556413_test19.pkl: 0.8256070613861084
Ranking for query: s2556413_test05.pkl
Document: Similarity
s2556413_test15.pkl: 0.9042845368385315
s2556413_test12.pkl: 0.8973324298858643
s2556413_test16.pkl: 0.8466179966926575
s2556413_test28.pkl: 0.8393169641494751
s2556413_test07.pkl: 0.8365601897239685
s2556413_test17.pkl: 0.8343536257743835
s2556413_test21.pkl: 0.8335210084915161
s2556413_test24.pkl: 0.8330855369567871
s2556413_test23.pkl: 0.8300273418426514
s2556413_test25.pkl: 0.817450761795044
