Ranking for query: s2556413_test01.pkl
Document: Similarity
s2556413_test26.pkl: 0.9224787950515747
s2556413_test30.pkl: 0.8804336786270142
s2556413_test06.pkl: 0.8634318113327026
s2556413_test11.pkl: 0.860935628414154
s2556413_test21.pkl: 0.8357934355735779
s2556413_test03.pkl: 0.8138190507888794
s2556413_test14.pkl: 0.8069696426391602
s2556413_test24.pkl: 0.8052438497543335
s2556413_test27.pkl: 0.7982336282730103
s2556413_test12.pkl: 0.7954567670822144
Ranking for query: s2556413_test02.pkl
Document: Similarity
s2556413_test03.pkl: 0.9586334824562073
s2556413_test06.pkl: 0.9068611264228821
s2556413_test26.pkl: 0.881801187992096
s2556413_test30.pkl: 0.8558065295219421
s2556413_test08.pkl: 0.8550189733505249
s2556413_test27.pkl: 0.8415195941925049
s2556413_test29.pkl: 0.841518759727478
s2556413_test24.pkl: 0.8306401968002319
s2556413_test21.pkl: 0.8187884092330933
s2556413_test11.pkl: 0.8134813904762268
Ranking for query: s2556413_test04.pkl
Document: Similarity
s2556413_test22.pkl: 0.9435584545135498
s2556413_test18.pkl: 0.9205750226974487
s2556413_test21.pkl: 0.9039270281791687
s2556413_test13.pkl: 0.89372318983078
s2556413_test20.pkl: 0.8740487098693848
s2556413_test10.pkl: 0.872031569480896
s2556413_test11.pkl: 0.8713996410369873
s2556413_test09.pkl: 0.8664031028747559
s2556413_test28.pkl: 0.8658145666122437
s2556413_test14.pkl: 0.8628422021865845
Ranking for query: s2556413_test05.pkl
Document: Similarity
s2556413_test15.pkl: 0.9190857410430908
s2556413_test21.pkl: 0.8821691274642944
s2556413_test12.pkl: 0.8764996528625488
s2556413_test16.pkl: 0.8648666143417358
s2556413_test25.pkl: 0.8398258686065674
s2556413_test28.pkl: 0.8377654552459717
s2556413_test23.pkl: 0.8310105204582214
s2556413_test24.pkl: 0.8239244818687439
s2556413_test11.pkl: 0.8237913250923157
s2556413_test10.pkl: 0.823688805103302
