q_01_0232_08_1_2.wav: 0.2400625
q_01_0306_02_1_1.wav: 0.2400625
q_01_0282_05_1_2.wav: 0.2700625
q_01_0399_06_1_3.wav: 0.2800625
q_01_0448_03_1_1.wav: 0.2800625
q_01_0254_10_1_2.wav: 0.2900625
q_01_0313_02_1_1.wav: 0.3000625
q_01_0232_08_1_1.wav: 0.3100625
q_01_0329_09_1_2.wav: 0.3100625
q_01_0040_09_1_1.wav: 0.3300625
q_01_0017_05_1_2.wav: 0.3400625
q_01_0125_10_1_1.wav: 0.3400625
q_01_0167_10_1_1.wav: 0.3400625
q_01_0254_10_1_3.wav: 0.3400625
q_01_0163_06_1_1.wav: 0.3500625
q_01_0061_02_1_2.wav: 0.3600625
q_01_0000_09_1_4.wav: 0.3700625
q_01_0032_08_1_1.wav: 0.3700625
q_01_0312_08_1_1.wav: 0.3700625
q_01_0320_04_1_1.wav: 0.3700625
q_01_0288_08_1_1.wav: 0.3800625
q_01_0443_01_1_1.wav: 0.3900625
q_01_0451_05_1_1.wav: 0.3900625
q_01_0000_09_1_3.wav: 0.4000625
q_01_0087_04_1_1.wav: 0.4000625
q_01_0383_02_1_2.wav: 0.4000625
q_01_0413_08_1_1.wav: 0.4100625
q_01_0413_08_1_3.wav: 0.4100625
q_01_0061_02_1_1.wav: 0.4200625
q_01_0132_08_1_1.wav: 0.4200625
q_01_0322_08_1_1.wav: 0.4200625
q_01_0466_10_1_1.wav: 0.4200625
q_01_0000_09_1_1.wav: 0.4300625
q_01_0262_07_1_1.wav: 0.4300625
q_01_0322_08_1_2.wav: 0.4300625
q_01_0419_08_1_1.wav: 0.4300625
q_01_0320_04_1_2.wav: 0.4400625
q_01_0396_01_1_1.wav: 0.4400625
q_01_0150_07_1_2.wav: 0.4500625
q_01_0308_06_1_1.wav: 0.4500625
q_01_0381_04_1_1.wav: 0.4500625
q_01_0032_08_1_2.wav: 0.4600625
q_01_0329_09_1_1.wav: 0.4600625
q_01_0361_08_1_1.wav: 0.4600625
q_01_0304_08_1_1.wav: 0.4700625
q_01_0353_09_1_1.wav: 0.4700625
q_01_0353_09_1_2.wav: 0.4700625
q_01_0234_10_1_1.wav: 0.4800625
q_01_0322_08_1_3.wav: 0.4800625
q_01_0370_09_1_1.wav: 0.4800625
q_01_0254_10_1_1.wav: 0.4900625
q_01_0256_06_1_2.wav: 0.4900625
q_01_0304_08_1_2.wav: 0.4900625
q_01_0308_06_1_2.wav: 0.5000625
q_01_0383_02_1_1.wav: 0.5000625
q_01_0438_10_1_1.wav: 0.5100625
q_01_0017_05_1_1.wav: 0.5300625
q_01_0132_08_1_2.wav: 0.5400625
q_01_0234_10_1_2.wav: 0.5400625
q_01_0425_09_1_1.wav: 0.5400625
q_01_0150_07_1_1.wav: 0.5500625
q_01_0178_06_1_1.wav: 0.5500625
q_01_0306_02_1_2.wav: 0.5500625
q_01_0334_04_1_1.wav: 0.5500625
q_01_0342_04_1_1.wav: 0.5500625
q_01_0087_04_1_2.wav: 0.5600625
q_01_0144_06_1_1.wav: 0.5600625
q_01_0344_05_1_1.wav: 0.5600625
q_01_0478_08_1_1.wav: 0.5600625
q_01_0282_05_1_1.wav: 0.5700625
q_01_0040_09_1_2.wav: 0.5800625
q_01_0413_08_1_2.wav: 0.5800625
q_01_0477_06_1_1.wav: 0.5800625
q_01_0399_06_1_2.wav: 0.5900625
q_01_0438_10_1_2.wav: 0.6000625
q_01_0156_09_1_1.wav: 0.6300625
q_01_0399_06_1_1.wav: 0.6300625
q_01_0222_07_1_1.wav: 0.6500625
q_01_0347_01_1_1.wav: 0.6500625
q_01_0238_04_1_1.wav: 0.6600625
q_01_0256_06_1_1.wav: 0.6600625
q_01_0262_07_1_2.wav: 0.6700625
q_01_0378_01_1_1.wav: 0.7000625
q_01_0437_02_1_1.wav: 0.7000625
q_01_0131_08_1_1.wav: 0.7200625
q_01_0438_10_1_3.wav: 0.7200625
q_01_0421_06_1_1.wav: 0.7700625
q_01_0000_09_1_2.wav: 0.7900625
q_01_0421_06_1_2.wav: 0.8700625
