Ranking for query: s2556413_test01.pkl
Document: Similarity
s2556413_test26.pkl: 0.8638474345207214
s2556413_test30.pkl: 0.845483660697937
s2556413_test11.pkl: 0.8304212093353271
s2556413_test06.pkl: 0.8014626502990723
s2556413_test03.pkl: 0.7885876893997192
s2556413_test21.pkl: 0.7833421230316162
s2556413_test24.pkl: 0.7782169580459595
s2556413_test22.pkl: 0.7702027559280396
s2556413_test18.pkl: 0.7685155272483826
s2556413_test25.pkl: 0.7527475357055664
Ranking for query: s2556413_test02.pkl
Document: Similarity
s2556413_test06.pkl: 0.8796727657318115
s2556413_test03.pkl: 0.8683013319969177
s2556413_test27.pkl: 0.8154574036598206
s2556413_test26.pkl: 0.7971341609954834
s2556413_test08.pkl: 0.7789754271507263
s2556413_test30.pkl: 0.7698911428451538
s2556413_test29.pkl: 0.7578930854797363
s2556413_test18.pkl: 0.7558329105377197
s2556413_test22.pkl: 0.7529121041297913
s2556413_test11.pkl: 0.7482892274856567
Ranking for query: s2556413_test04.pkl
Document: Similarity
s2556413_test18.pkl: 0.8862855434417725
s2556413_test22.pkl: 0.8813109397888184
s2556413_test17.pkl: 0.7997316122055054
s2556413_test14.pkl: 0.7811144590377808
s2556413_test08.pkl: 0.780053973197937
s2556413_test27.pkl: 0.7767832279205322
s2556413_test06.pkl: 0.771365225315094
s2556413_test19.pkl: 0.7658625841140747
s2556413_test21.pkl: 0.7655190825462341
s2556413_test11.pkl: 0.7639809846878052
Ranking for query: s2556413_test05.pkl
Document: Similarity
s2556413_test12.pkl: 0.826822817325592
s2556413_test15.pkl: 0.8147396445274353
s2556413_test16.pkl: 0.8125325441360474
s2556413_test28.pkl: 0.8019518256187439
s2556413_test17.pkl: 0.7873989343643188
s2556413_test07.pkl: 0.7609888911247253
s2556413_test25.pkl: 0.7528600692749023
s2556413_test24.pkl: 0.7501146793365479
s2556413_test23.pkl: 0.7465401887893677
s2556413_test21.pkl: 0.741152822971344
