Ranking for query: s2556413_test01.pkl
Document: Similarity
s2556413_test30.pkl: 0.8178006410598755
s2556413_test26.pkl: 0.7970319986343384
s2556413_test21.pkl: 0.796832799911499
s2556413_test06.pkl: 0.7502070665359497
s2556413_test24.pkl: 0.7468856573104858
s2556413_test11.pkl: 0.745392382144928
s2556413_test03.pkl: 0.7415485382080078
s2556413_test25.pkl: 0.7390263080596924
s2556413_test14.pkl: 0.7356318831443787
s2556413_test16.pkl: 0.7243757247924805
Ranking for query: s2556413_test02.pkl
Document: Similarity
s2556413_test06.pkl: 0.8261292576789856
s2556413_test03.pkl: 0.8218634724617004
s2556413_test21.pkl: 0.7248403429985046
s2556413_test30.pkl: 0.7190583348274231
s2556413_test27.pkl: 0.7154635190963745
s2556413_test14.pkl: 0.7130724191665649
s2556413_test16.pkl: 0.7025099992752075
s2556413_test08.pkl: 0.7009811997413635
s2556413_test26.pkl: 0.6970851421356201
s2556413_test25.pkl: 0.696998655796051
Ranking for query: s2556413_test04.pkl
Document: Similarity
s2556413_test22.pkl: 0.8134342432022095
s2556413_test18.pkl: 0.8031713962554932
s2556413_test14.pkl: 0.7318917512893677
s2556413_test19.pkl: 0.7180279493331909
s2556413_test25.pkl: 0.7161232233047485
s2556413_test17.pkl: 0.7142676711082458
s2556413_test07.pkl: 0.7134960889816284
s2556413_test10.pkl: 0.7113335132598877
s2556413_test16.pkl: 0.7037062048912048
s2556413_test21.pkl: 0.702505350112915
Ranking for query: s2556413_test05.pkl
Document: Similarity
s2556413_test12.pkl: 0.8620275855064392
s2556413_test07.pkl: 0.7858563661575317
s2556413_test17.pkl: 0.7805459499359131
s2556413_test15.pkl: 0.7691393494606018
s2556413_test23.pkl: 0.7651544213294983
s2556413_test16.pkl: 0.7467973232269287
s2556413_test28.pkl: 0.7263023853302002
s2556413_test25.pkl: 0.7252061367034912
s2556413_test24.pkl: 0.6998505592346191
s2556413_test21.pkl: 0.695838451385498
