Ranking for query: s2556413_test01.pkl
Document: Similarity
s2556413_test26.pkl: 0.866687536239624
s2556413_test30.pkl: 0.8088083267211914
s2556413_test11.pkl: 0.7733429074287415
s2556413_test06.pkl: 0.7618378400802612
s2556413_test27.pkl: 0.7413358688354492
s2556413_test03.pkl: 0.726422905921936
s2556413_test14.pkl: 0.7179427146911621
s2556413_test24.pkl: 0.7096944451332092
s2556413_test18.pkl: 0.6976298689842224
s2556413_test21.pkl: 0.6960372924804688
Ranking for query: s2556413_test02.pkl
Document: Similarity
s2556413_test03.pkl: 0.8029751777648926
s2556413_test06.pkl: 0.7988710403442383
s2556413_test11.pkl: 0.7731571793556213
s2556413_test26.pkl: 0.76341712474823
s2556413_test08.pkl: 0.735672116279602
s2556413_test29.pkl: 0.7330795526504517
s2556413_test.pkl: 0.7103452682495117
s2556413_test27.pkl: 0.6915515661239624
s2556413_test30.pkl: 0.6902064681053162
s2556413_test24.pkl: 0.6757211685180664
Ranking for query: s2556413_test04.pkl
Document: Similarity
s2556413_test22.pkl: 0.7851556539535522
s2556413_test16.pkl: 0.7833881378173828
s2556413_test18.pkl: 0.7661620378494263
s2556413_test19.pkl: 0.7624650597572327
s2556413_test14.pkl: 0.7575546503067017
s2556413_test28.pkl: 0.7562743425369263
s2556413_test27.pkl: 0.7494129538536072
s2556413_test11.pkl: 0.7387014031410217
s2556413_test10.pkl: 0.7326037883758545
s2556413_test17.pkl: 0.7304417490959167
Ranking for query: s2556413_test05.pkl
Document: Similarity
s2556413_test15.pkl: 0.8211712837219238
s2556413_test12.pkl: 0.7873475551605225
s2556413_test17.pkl: 0.7323194742202759
s2556413_test23.pkl: 0.7162094712257385
s2556413_test20.pkl: 0.7105402946472168
s2556413_test07.pkl: 0.70188969373703
s2556413_test06.pkl: 0.6972473859786987
s2556413_test16.pkl: 0.6811067461967468
s2556413_test21.pkl: 0.676372766494751
s2556413_test22.pkl: 0.6746633648872375
