Ranking for query: s2556413_test01.pkl
Document: Similarity
s2556413_test26.pkl: 0.9495202898979187
s2556413_test30.pkl: 0.9426910281181335
s2556413_test21.pkl: 0.8952255249023438
s2556413_test11.pkl: 0.8762062191963196
s2556413_test24.pkl: 0.8697649836540222
s2556413_test20.pkl: 0.856454610824585
s2556413_test03.pkl: 0.8545218706130981
s2556413_test06.pkl: 0.8544752597808838
s2556413_test13.pkl: 0.8293470740318298
s2556413_test09.pkl: 0.8137438893318176
Ranking for query: s2556413_test02.pkl
Document: Similarity
s2556413_test03.pkl: 0.9711048603057861
s2556413_test06.pkl: 0.9660722017288208
s2556413_test27.pkl: 0.8640968799591064
s2556413_test08.pkl: 0.862747848033905
s2556413_test30.pkl: 0.8580392003059387
s2556413_test26.pkl: 0.8573106527328491
s2556413_test29.pkl: 0.8399019241333008
s2556413_test24.pkl: 0.8356406092643738
s2556413_test21.pkl: 0.8275338411331177
s2556413_test11.pkl: 0.8268529772758484
Ranking for query: s2556413_test04.pkl
Document: Similarity
s2556413_test18.pkl: 0.9779373407363892
s2556413_test22.pkl: 0.9735848307609558
s2556413_test21.pkl: 0.8616684079170227
s2556413_test14.pkl: 0.8543140888214111
s2556413_test10.pkl: 0.8509531021118164
s2556413_test24.pkl: 0.8462786674499512
s2556413_test19.pkl: 0.8443921208381653
s2556413_test11.pkl: 0.844130277633667
s2556413_test17.pkl: 0.8357632160186768
s2556413_test27.pkl: 0.8331435322761536
Ranking for query: s2556413_test05.pkl
Document: Similarity
s2556413_test12.pkl: 0.9366633892059326
s2556413_test15.pkl: 0.925956130027771
s2556413_test23.pkl: 0.8643277287483215
s2556413_test16.pkl: 0.8641871809959412
s2556413_test07.pkl: 0.8608161211013794
s2556413_test17.pkl: 0.8554227352142334
s2556413_test21.pkl: 0.8528131246566772
s2556413_test24.pkl: 0.8406227827072144
s2556413_test11.pkl: 0.8281025886535645
s2556413_test28.pkl: 0.8243276476860046
