Ranking for query: s2556413_test01.pkl
Document: Similarity
s2556413_test26.pkl: 0.901870608329773
s2556413_test30.pkl: 0.8315795063972473
s2556413_test06.pkl: 0.8211073279380798
s2556413_test03.pkl: 0.7867743968963623
s2556413_test11.pkl: 0.780916690826416
s2556413_test21.pkl: 0.7693507075309753
s2556413_test20.pkl: 0.7483859658241272
s2556413_test24.pkl: 0.7476707696914673
s2556413_test09.pkl: 0.7196144461631775
s2556413_test27.pkl: 0.7128940224647522
Ranking for query: s2556413_test02.pkl
Document: Similarity
s2556413_test03.pkl: 0.941432774066925
s2556413_test06.pkl: 0.9245173931121826
s2556413_test26.pkl: 0.8493193984031677
s2556413_test08.pkl: 0.8085908889770508
s2556413_test30.pkl: 0.8048992156982422
s2556413_test27.pkl: 0.7948784232139587
s2556413_test29.pkl: 0.7576929926872253
s2556413_test11.pkl: 0.7431532740592957
s2556413_test.pkl: 0.7280148863792419
s2556413_test24.pkl: 0.7266403436660767
Ranking for query: s2556413_test04.pkl
Document: Similarity
s2556413_test18.pkl: 0.9324427247047424
s2556413_test22.pkl: 0.9129338264465332
s2556413_test13.pkl: 0.832843542098999
s2556413_test20.pkl: 0.81154865026474
s2556413_test11.pkl: 0.8036279082298279
s2556413_test21.pkl: 0.7985936403274536
s2556413_test09.pkl: 0.7949370741844177
s2556413_test10.pkl: 0.7895663976669312
s2556413_test19.pkl: 0.7782644629478455
s2556413_test14.pkl: 0.7699332237243652
Ranking for query: s2556413_test05.pkl
Document: Similarity
s2556413_test15.pkl: 0.8997925519943237
s2556413_test12.pkl: 0.888837993144989
s2556413_test16.pkl: 0.8500767946243286
s2556413_test23.pkl: 0.835002064704895
s2556413_test28.pkl: 0.8118398189544678
s2556413_test21.pkl: 0.8090157508850098
s2556413_test17.pkl: 0.8077926635742188
s2556413_test25.pkl: 0.8017582297325134
s2556413_test07.pkl: 0.8016213178634644
s2556413_test19.pkl: 0.7975482940673828
