Ranking for query: s2556413_test01.pkl
Document: Similarity
s2556413_test30.pkl: 0.852072536945343
s2556413_test26.pkl: 0.8373599052429199
s2556413_test21.pkl: 0.823901891708374
s2556413_test11.pkl: 0.8101974129676819
s2556413_test24.pkl: 0.7914566397666931
s2556413_test14.pkl: 0.7594158053398132
s2556413_test06.pkl: 0.755564272403717
s2556413_test25.pkl: 0.7543094754219055
s2556413_test16.pkl: 0.7521181106567383
s2556413_test03.pkl: 0.7501538991928101
Ranking for query: s2556413_test02.pkl
Document: Similarity
s2556413_test06.pkl: 0.8689149618148804
s2556413_test03.pkl: 0.8559663891792297
s2556413_test08.pkl: 0.7767329812049866
s2556413_test24.pkl: 0.7605127692222595
s2556413_test29.pkl: 0.7600909471511841
s2556413_test27.pkl: 0.7575093507766724
s2556413_test26.pkl: 0.7516719102859497
s2556413_test30.pkl: 0.7434717416763306
s2556413_test21.pkl: 0.7422760128974915
s2556413_test.pkl: 0.7297254800796509
Ranking for query: s2556413_test04.pkl
Document: Similarity
s2556413_test18.pkl: 0.8547437191009521
s2556413_test22.pkl: 0.8472656011581421
s2556413_test19.pkl: 0.7594966888427734
s2556413_test10.pkl: 0.756570041179657
s2556413_test07.pkl: 0.7501825094223022
s2556413_test14.pkl: 0.7455777525901794
s2556413_test24.pkl: 0.7445396780967712
s2556413_test03.pkl: 0.7358184456825256
s2556413_test.pkl: 0.7310158014297485
s2556413_test06.pkl: 0.724042534828186
Ranking for query: s2556413_test05.pkl
Document: Similarity
s2556413_test12.pkl: 0.8907506465911865
s2556413_test15.pkl: 0.83598393201828
s2556413_test07.pkl: 0.8276400566101074
s2556413_test17.pkl: 0.8208057880401611
s2556413_test23.pkl: 0.8080884218215942
s2556413_test28.pkl: 0.7920543551445007
s2556413_test16.pkl: 0.7837562561035156
s2556413_test24.pkl: 0.7774685621261597
s2556413_test06.pkl: 0.7666755318641663
s2556413_test08.pkl: 0.7554863691329956
