Ranking for query: s2556413_test01.pkl
Document: Similarity
s2556413_test26.pkl: 0.8512782454490662
s2556413_test11.pkl: 0.8014085292816162
s2556413_test30.pkl: 0.7852754592895508
s2556413_test06.pkl: 0.7742366790771484
s2556413_test21.pkl: 0.7600234746932983
s2556413_test27.pkl: 0.7549318671226501
s2556413_test24.pkl: 0.7526341676712036
s2556413_test14.pkl: 0.7327743768692017
s2556413_test03.pkl: 0.7262142896652222
s2556413_test18.pkl: 0.719100296497345
Ranking for query: s2556413_test02.pkl
Document: Similarity
s2556413_test06.pkl: 0.7917741537094116
s2556413_test29.pkl: 0.7846648693084717
s2556413_test03.pkl: 0.7831713557243347
s2556413_test08.pkl: 0.7645068168640137
s2556413_test26.pkl: 0.7527242302894592
s2556413_test24.pkl: 0.7357726097106934
s2556413_test27.pkl: 0.7309057712554932
s2556413_test14.pkl: 0.696386992931366
s2556413_test30.pkl: 0.6963559985160828
s2556413_test16.pkl: 0.678213894367218
Ranking for query: s2556413_test04.pkl
Document: Similarity
s2556413_test22.pkl: 0.7896687984466553
s2556413_test18.pkl: 0.7473138570785522
s2556413_test14.pkl: 0.7396044731140137
s2556413_test11.pkl: 0.7284145951271057
s2556413_test13.pkl: 0.7262575626373291
s2556413_test23.pkl: 0.719440221786499
s2556413_test24.pkl: 0.7133210301399231
s2556413_test21.pkl: 0.7116637229919434
s2556413_test28.pkl: 0.7090202569961548
s2556413_test19.pkl: 0.706638753414154
Ranking for query: s2556413_test05.pkl
Document: Similarity
s2556413_test15.pkl: 0.8092257976531982
s2556413_test12.pkl: 0.7806609272956848
s2556413_test23.pkl: 0.7135608792304993
s2556413_test07.pkl: 0.7052391171455383
s2556413_test06.pkl: 0.6994982361793518
s2556413_test10.pkl: 0.6960320472717285
s2556413_test16.pkl: 0.6899980306625366
s2556413_test17.pkl: 0.687532365322113
s2556413_test21.pkl: 0.6719806790351868
s2556413_test22.pkl: 0.66902756690979
