Ranking for query: s2556413_test01.pkl
Document: Similarity
s2556413_test26.pkl: 0.9015620946884155
s2556413_test30.pkl: 0.9000977873802185
s2556413_test06.pkl: 0.8136065006256104
s2556413_test03.pkl: 0.809730052947998
s2556413_test21.pkl: 0.8024200201034546
s2556413_test24.pkl: 0.7915255427360535
s2556413_test11.pkl: 0.7861509323120117
s2556413_test20.pkl: 0.7796668410301208
s2556413_test13.pkl: 0.7458657026290894
s2556413_test27.pkl: 0.7422229051589966
Ranking for query: s2556413_test02.pkl
Document: Similarity
s2556413_test03.pkl: 0.9397588968276978
s2556413_test06.pkl: 0.9324296712875366
s2556413_test26.pkl: 0.8194047212600708
s2556413_test30.pkl: 0.8173292875289917
s2556413_test27.pkl: 0.8000413775444031
s2556413_test08.pkl: 0.7976024746894836
s2556413_test29.pkl: 0.7686840891838074
s2556413_test.pkl: 0.7386002540588379
s2556413_test11.pkl: 0.7356525659561157
s2556413_test24.pkl: 0.7285721898078918
Ranking for query: s2556413_test04.pkl
Document: Similarity
s2556413_test22.pkl: 0.9345301985740662
s2556413_test18.pkl: 0.9344819188117981
s2556413_test10.pkl: 0.822996973991394
s2556413_test14.pkl: 0.8152557015419006
s2556413_test19.pkl: 0.8019863367080688
s2556413_test20.pkl: 0.8005220890045166
s2556413_test13.pkl: 0.79020094871521
s2556413_test17.pkl: 0.7813907861709595
s2556413_test23.pkl: 0.77057945728302
s2556413_test21.pkl: 0.7684091925621033
Ranking for query: s2556413_test05.pkl
Document: Similarity
s2556413_test12.pkl: 0.9013471007347107
s2556413_test16.pkl: 0.8498177528381348
s2556413_test15.pkl: 0.825111448764801
s2556413_test23.pkl: 0.8237240314483643
s2556413_test25.pkl: 0.8147103190422058
s2556413_test07.pkl: 0.808705747127533
s2556413_test28.pkl: 0.8037699460983276
s2556413_test21.pkl: 0.7957144379615784
s2556413_test17.pkl: 0.7933871746063232
s2556413_test11.pkl: 0.7592076063156128
