Ranking for query: s2556413_test01.pkl
Document: Similarity
s2556413_test26.pkl: 0.8116352558135986
s2556413_test30.pkl: 0.7753735184669495
s2556413_test06.pkl: 0.7566943764686584
s2556413_test11.pkl: 0.742440402507782
s2556413_test21.pkl: 0.7337654232978821
s2556413_test27.pkl: 0.7283710837364197
s2556413_test24.pkl: 0.7277607917785645
s2556413_test03.pkl: 0.7149690985679626
s2556413_test16.pkl: 0.6901180744171143
s2556413_test14.pkl: 0.6833958625793457
Ranking for query: s2556413_test02.pkl
Document: Similarity
s2556413_test03.pkl: 0.7953764796257019
s2556413_test06.pkl: 0.7793251276016235
s2556413_test29.pkl: 0.7205857038497925
s2556413_test08.pkl: 0.7055699229240417
s2556413_test27.pkl: 0.6966487765312195
s2556413_test26.pkl: 0.6694955229759216
s2556413_test24.pkl: 0.6664937138557434
s2556413_test21.pkl: 0.6646440625190735
s2556413_test14.pkl: 0.6639152765274048
s2556413_test16.pkl: 0.6380926370620728
Ranking for query: s2556413_test04.pkl
Document: Similarity
s2556413_test22.pkl: 0.7617213726043701
s2556413_test18.pkl: 0.755669116973877
s2556413_test17.pkl: 0.7215876579284668
s2556413_test23.pkl: 0.7043313980102539
s2556413_test14.pkl: 0.7002358436584473
s2556413_test10.pkl: 0.6850655674934387
s2556413_test29.pkl: 0.6807227730751038
s2556413_test19.pkl: 0.6805455088615417
s2556413_test08.pkl: 0.6801913976669312
s2556413_test16.pkl: 0.6742207407951355
Ranking for query: s2556413_test05.pkl
Document: Similarity
s2556413_test12.pkl: 0.8237303495407104
s2556413_test23.pkl: 0.7361146211624146
s2556413_test07.pkl: 0.7304506301879883
s2556413_test15.pkl: 0.7204518914222717
s2556413_test16.pkl: 0.7042225003242493
s2556413_test17.pkl: 0.6910059452056885
s2556413_test28.pkl: 0.6850980520248413
s2556413_test10.pkl: 0.6631126999855042
s2556413_test25.pkl: 0.6413394808769226
s2556413_test30.pkl: 0.63667893409729
