q_281474976715581_1.wav: 0.2500625
q_281474976715505_2.wav: 0.2800625
q_281474976715317_2.wav: 0.3000625
q_281474976715505_1.wav: 0.3100625
q_281474976715415_1.wav: 0.3300625
q_281474976714198_1.wav: 0.3800625
q_281474976715317_1.wav: 0.3900625
q_281474976715581_2.wav: 0.4000625
q_281474976715237_3.wav: 0.4500625
q_281474976715378_1.wav: 0.4500625
q_281474976715351_2.wav: 0.4600625
q_281474976715640_1.wav: 0.4600625
q_281474976715351_3.wav: 0.4700625
q_281474976715827_1.wav: 0.4700625
q_281474976715019_1.wav: 0.4800625
q_281474976715910_1.wav: 0.4800625
q_281474976715807_1.wav: 0.5100625
q_281474976715237_1.wav: 0.5200625
q_281474976715581_3.wav: 0.5300625
q_281474976715827_3.wav: 0.5500625
q_281474976714988_1.wav: 0.5600625
q_281474976715000_3.wav: 0.5700625
q_281474976715317_3.wav: 0.6100625
q_281474976715351_1.wav: 0.6400625
q_281474976715000_1.wav: 0.6600625
q_281474976715000_4.wav: 0.6700625
q_281474976715827_2.wav: 0.7100625
q_281474976715237_2.wav: 0.7200625
q_281474976715910_2.wav: 0.7200625
q_281474976715000_2.wav: 0.7300625
