Ranking for query: s2556413_test01.pkl
Document: Similarity
s2556413_test26.pkl: 0.922478973865509
s2556413_test30.pkl: 0.877741813659668
s2556413_test06.pkl: 0.8634318113327026
s2556413_test11.pkl: 0.856392502784729
s2556413_test21.pkl: 0.8357933759689331
s2556413_test03.pkl: 0.8138189911842346
s2556413_test14.pkl: 0.8069696426391602
s2556413_test24.pkl: 0.8052438497543335
s2556413_test12.pkl: 0.7954567670822144
s2556413_test07.pkl: 0.7921732068061829
Ranking for query: s2556413_test02.pkl
Document: Similarity
s2556413_test03.pkl: 0.9586334228515625
s2556413_test06.pkl: 0.9065631628036499
s2556413_test26.pkl: 0.8818012475967407
s2556413_test30.pkl: 0.8558065295219421
s2556413_test08.pkl: 0.8460372686386108
s2556413_test29.pkl: 0.8365112543106079
s2556413_test27.pkl: 0.8334696292877197
s2556413_test24.pkl: 0.8306401371955872
s2556413_test21.pkl: 0.8187884092330933
s2556413_test11.pkl: 0.8144233226776123
Ranking for query: s2556413_test04.pkl
Document: Similarity
s2556413_test22.pkl: 0.9435585141181946
s2556413_test18.pkl: 0.9205749034881592
s2556413_test21.pkl: 0.9039269685745239
s2556413_test20.pkl: 0.8740487098693848
s2556413_test13.pkl: 0.8735315203666687
s2556413_test11.pkl: 0.872098982334137
s2556413_test10.pkl: 0.872031569480896
s2556413_test28.pkl: 0.8658145666122437
s2556413_test14.pkl: 0.8628422021865845
s2556413_test09.pkl: 0.8621618151664734
Ranking for query: s2556413_test05.pkl
Document: Similarity
s2556413_test15.pkl: 0.9190857410430908
s2556413_test21.pkl: 0.8821691274642944
s2556413_test12.pkl: 0.8764996528625488
s2556413_test16.pkl: 0.8648667335510254
s2556413_test25.pkl: 0.8398259282112122
s2556413_test28.pkl: 0.8377654552459717
s2556413_test23.pkl: 0.8310105800628662
s2556413_test11.pkl: 0.8265146613121033
s2556413_test24.pkl: 0.8239246010780334
s2556413_test10.pkl: 0.8236887454986572
