Ranking for query: s2556413_test01.pkl
Document: Similarity
s2556413_test26.pkl: 0.9069488048553467
s2556413_test30.pkl: 0.8432151079177856
s2556413_test06.pkl: 0.8375781774520874
s2556413_test03.pkl: 0.8092347383499146
s2556413_test11.pkl: 0.8045966625213623
s2556413_test21.pkl: 0.7926470637321472
s2556413_test24.pkl: 0.7753456830978394
s2556413_test14.pkl: 0.7560684084892273
s2556413_test27.pkl: 0.7519036531448364
s2556413_test18.pkl: 0.7479593753814697
Ranking for query: s2556413_test02.pkl
Document: Similarity
s2556413_test03.pkl: 0.9528934359550476
s2556413_test06.pkl: 0.9176216125488281
s2556413_test26.pkl: 0.8544013500213623
s2556413_test30.pkl: 0.8391608595848083
s2556413_test27.pkl: 0.8352949023246765
s2556413_test08.pkl: 0.8278425931930542
s2556413_test29.pkl: 0.7943722009658813
s2556413_test11.pkl: 0.7849215269088745
s2556413_test24.pkl: 0.7766281962394714
s2556413_test21.pkl: 0.769308865070343
Ranking for query: s2556413_test04.pkl
Document: Similarity
s2556413_test22.pkl: 0.9276658892631531
s2556413_test18.pkl: 0.917385458946228
s2556413_test13.pkl: 0.8661481142044067
s2556413_test21.pkl: 0.8469244241714478
s2556413_test09.pkl: 0.8365644216537476
s2556413_test11.pkl: 0.8364322185516357
s2556413_test20.pkl: 0.8363701105117798
s2556413_test10.pkl: 0.8271002173423767
s2556413_test14.pkl: 0.821759045124054
s2556413_test19.pkl: 0.8210360407829285
Ranking for query: s2556413_test05.pkl
Document: Similarity
s2556413_test15.pkl: 0.9212605953216553
s2556413_test12.pkl: 0.8886622190475464
s2556413_test16.pkl: 0.8723952770233154
s2556413_test21.pkl: 0.8410776853561401
s2556413_test17.pkl: 0.8326659798622131
s2556413_test23.pkl: 0.8317477703094482
s2556413_test19.pkl: 0.821357250213623
s2556413_test11.pkl: 0.8142172694206238
s2556413_test07.pkl: 0.8126052618026733
s2556413_test28.pkl: 0.8119198679924011
